Label,Left_Hip_q,Right_Hip_q,Left_Hip_qd,Right_Hip_qd,SampleTimeFine
sw,-49.8620414733886,-79.1095504760742,-14.0868158340454,35.8590126037597,970145631
sw,-49.9843368530273,-79.6371841430664,7.185824796546962,32.943456736472385,970162298
sw,-50.4438095092773,-80.1054077148437,60.89250082891566,34.155128009527644,970178965
sw,-51.7784118652343,-80.5619964599609,108.95309711848587,34.4769188140761,970195632
sw,-54.4515953063964,-80.9820404052734,146.38654092866025,33.398707244985864,970212299
sw,-57.4030494689941,-81.2958145141601,169.60585229764067,30.6817393291319,970228966
sw,-60.8862724304199,-81.5013732910156,177.0128643783917,26.373688047028708,970245633
sw,-64.1608734130859,-81.6459350585937,169.3354663494016,20.752902763490365,970262300
sw,-66.9339752197265,-81.8432922363281,149.55831806083984,14.213340520905719,970278967
sw,-68.8233947753906,-82.0242004394531,122.38260409210812,7.11916067209481,970295634
sw,-69.9402923583984,-82.0686492919921,93.2901745706704,-0.3337136951038515,970312301
sw,-70.2486343383789,-82.006103515625,67.42804126418201,-8.211498692367428,970328968
sw,-70.5480346679687,-81.7893371582031,48.60720822174922,-16.85823812353077,970345635
sw,-71.4200210571289,-81.4180374145507,38.679869283218146,-26.80999202485163,970362302
sw,-72.5298843383789,-81.1229400634765,37.425906184585706,-38.60904587552707,970378969
sw,-73.0923690795898,-80.8875579833984,42.907884130393306,-52.56154571415412,970395636
sw,-74.0691604614257,-80.3707733154296,52.12960786853119,-68.52626189837662,970412303
sw,-75.1657562255859,-79.0555343627929,61.79939305897996,-85.83653593160055,970428970
sw,-76.2039260864257,-77.1655578613281,69.03097466800381,-103.41463993368448,970445637
sw,-77.4006729125976,-74.7490844726562,71.8654189797162,-120.04804416936142,970462304
sw,-78.6360473632812,-72.0078430175781,69.54441592848094,-134.71182020436163,970478971
sw,-79.5233840942382,-69.3283233642578,62.51013281711256,-146.7957147745007,970495638
sw,-80.1414413452148,-66.6088256835937,52.15402584609616,-156.14527478588414,970512305
sw,-80.443115234375,-63.9039764404296,40.38644951041836,-162.92283159280603,970528972
sw,-80.524185180664,-61.2861824035644,29.140806839951328,-167.3796623500986,970545639
sw,-80.4632110595703,-58.5267715454101,19.94183572470127,-169.6585409451668,970562306
sw,-80.5671844482421,-55.7182159423828,13.644051052396367,-169.70692583017916,970578973
sw,-80.7946548461914,-52.9197120666503,10.387497015823763,-167.30644759295788,970595640
sw,-80.9804534912109,-50.3219146728515,9.744843065178056,-162.16275306007316,970612307
sw,-81.1275939941406,-47.9404067993164,10.97552625966708,-153.9845019747947,970628974
sw,-81.2355422973632,-45.8088836669921,13.282762978087678,-142.51069050508616,970645641
sw,-81.3507385253906,-43.9245452880859,15.992598039210431,-127.49417767778853,970662308
sw,-81.5813980102539,-42.4459533691406,18.623768843680477,-108.68621524910414,970678975
sw,-81.8353805541992,-41.4822120666503,20.8659714464291,-85.87673334199222,970695642
sw,-82.0722198486328,-40.7925758361816,22.511727384188386,-59.027660085519734,970712309
sw,-82.3051452636718,-40.4151954650878,23.389003229263533,-28.496892325683753,970728976
sw,-82.502815246582,-40.6182899475097,23.326332293610502,4.702219095518911,970745643
sw,-82.6530532836914,-41.0909538269043,22.161377364610992,38.70887905220708,970762310
sw,-82.8142547607421,-41.9337577819824,19.786663134377637,70.81242827657866,970778977
sw,-83.0014572143554,-43.6480102539062,16.215691878676857,97.73373218878767,970795644
sw,-83.1876754760742,-45.754711151123,11.646413191150225,116.20663680796422,970812311
sw,-83.3337326049804,-48.169578552246,6.494541677611523,123.76455566954617,970828978
sw,-83.4156417846679,-51.0974960327148,1.3695386037469899,119.52970097294639,970845645
sw,-83.3986511230468,-53.6647071838378,-3.022600119208725,104.74221409433751,970862312
sw,-83.2694702148437,-55.7504959106445,-6.0421359953606375,82.78865180237598,970878979
sw,-83.061782836914,-56.6021690368652,-7.3085206358922,58.6118504050932,970895646
sw,-82.8934249877929,-56.3538131713867,-6.868375534989157,37.59055231986387,970912313
sw,-82.8292846679687,-55.8436012268066,-5.282140922531631,24.196766483150775,970928980
sw,-82.8148803710937,-55.2666053771972,-3.592548709408667,20.864610287448308,970945647
sw,-82.7034378051757,-55.4704055786132,-3.1706904115464365,27.456176668422817,970962314
sw,-82.5254592895507,-57.1182403564453,-5.4666995067738915,41.4931218158389,970978981
sw,-82.4728240966796,-59.4505462646484,-11.711606710215559,59.03180737531095,970995648
sw,-82.6238403320312,-61.010871887207,-22.62686349858053,75.83228756442203,971012315
sw,-82.7644653320312,-62.2975959777832,-38.204745136989196,88.4162954430309,971028982
sw,-82.683349609375,-63.7399826049804,-57.62130578935922,94.7352532534074,971045649
sw,-82.3664779663086,-65.6034164428711,-79.32139500866232,94.37117212046175,971062316
sw,-81.5781326293945,-67.4693298339843,-101.27347408097545,88.3422188659574,971078983
sw,-80.2211837768554,-68.9011306762695,-121.34787912423258,78.63743477411421,971095650
sw,-78.5716934204101,-69.7016220092773,-137.74010861985744,67.60960792683223,971112317
sw,-76.199478149414,-70.2385711669921,-149.34216398689134,57.36493351654769,971128984
sw,-73.2277908325195,-70.7723312377929,-155.95908210887058,49.299153594496325,971145651
sw,-70.4987030029296,-71.5295257568359,-158.28456350310069,43.90164073841968,971162318
sw,-68.4263534545898,-72.3804473876953,-157.6072617656628,40.86251185811119,971178985
sw,-66.4621429443359,-73.2336883544921,-155.3180869640142,39.40520161097217,971195652
sw,-64.2371749877929,-74.1346817016601,-152.3849970024234,38.687607619207974,971212319
sw,-61.8035888671875,-74.8552474975586,-148.98848674830268,38.11095225670419,971228986
sw,-59.0240287780761,-75.4309997558593,-144.44075676707536,37.4433749361248,971245653
sw,-56.2807731628418,-75.9301300048828,-137.38701765600146,36.761739862701724,971262320
sw,-54.0705451965332,-76.4707412719726,-126.18517572644944,36.28739238381861,971278987
sw,-52.4057006835937,-77.0658416748046,-109.33089234664745,36.210169727006885,971295654
sw,-51.0465583801269,-77.6834564208984,-85.8332298365241,36.567506112952614,971312321
sw,-50.0987892150878,-78.2909698486328,-55.50437202680418,37.20240506549485,971328988
sw,-49.9462966918945,-78.861343383789,-19.15873554022869,37.79169518423581,971345655
sw,-50.2679862976074,-79.4166030883789,21.28981891485131,37.9218164536742,971362322
sw,-50.7787361145019,-79.9249877929687,62.871048025956064,37.18695614711618,971378989
sw,-51.8321266174316,-80.3609619140625,101.80181831555599,35.285507009445894,971395656
sw,-54.0132141113281,-80.7450485229492,133.97950219920136,32.09244441118318,971412323
sw,-56.9517250061035,-81.0713272094726,155.70859527980397,27.688670137488945,971428990
sw,-60.236156463623,-81.3166961669921,164.5311355180887,22.33621767775091,971445657
sw,-63.5086631774902,-81.483901977539,159.92863544973025,16.401513438939986,971462324
sw,-66.5640792846679,-81.6411895751953,143.63952914670878,10.244799509661156,971478991
sw,-68.5811462402343,-81.8143463134765,119.42236290335904,4.105089443000345,971495658
sw,-69.4407730102539,-81.9046936035156,92.26834581790281,-1.9897277059774994,971512325
sw,-69.6647644042968,-81.918960571289,67.26523544719957,-8.266691180064573,971528992
sw,-69.8258514404296,-81.8549270629882,48.45365163317042,-15.193094782705076,971545659
sw,-70.3396606445312,-81.5936126708984,38.02363946107828,-23.395048494774166,971562326
sw,-71.4293136596679,-81.280776977539,36.062066186702765,-33.50769261807439,971578993
sw,-72.441665649414,-80.9132537841796,40.85031922789975,-45.97567729183428,971595660
sw,-73.252082824707,-80.4100952148437,49.535342033127186,-60.85598688912828,971612327
sw,-74.3420944213867,-79.4225540161132,58.92840554196152,-77.70212531761325,971628994
sw,-75.4007949829101,-77.7589340209961,66.221074107613,-95.59974075512554,971645661
sw,-76.4310302734375,-75.6660766601562,69.48973118071159,-113.3669616428711,971662328
sw,-77.5455780029296,-72.9297637939453,67.93749753868578,-129.85228016187867,971678995
sw,-78.4405822753906,-70.0918655395507,61.87837935953675,-144.2065850135262,971695662
sw,-79.1092453002929,-67.3146133422851,52.507101513671934,-156.01153001757496,971712329
sw,-79.5934066772461,-64.5232849121093,41.5258647386922,-165.21577463825923,971728996
sw,-79.9194107055664,-61.8533058166503,30.71791241394455,-171.92749101537854,971745663
sw,-79.9955139160156,-59.1894721984863,21.562998374350332,-176.1811807503521,971762330
sw,-80.0501708984375,-56.3102111816406,14.976197286984682,-177.79939052010243,971778997
sw,-80.2504043579101,-53.3330688476562,11.218504775716763,-176.4062339297729,971795664
sw,-80.4968872070312,-50.4065895080566,9.980664633172282,-171.56070643047792,971812331
sw,-80.688247680664,-47.7452926635742,10.592437829863039,-162.91774021717876,971828998
sw,-80.8256683349609,-45.4787826538085,12.276179581586485,-150.32573683734918,971845665
sw,-80.9629974365234,-43.5454559326171,14.361027315180683,-133.82229462793435,971862332
sw,-81.1529998779296,-41.9866409301757,16.40175621705383,-113.55745436654678,971878999
sw,-81.3982620239257,-40.8844833374023,18.18885102498605,-89.71804766010078,971895666
sw,-81.6571350097656,-40.2479362487793,19.674692288647496,-62.52960926915184,971912333
sw,-81.903938293457,-39.8292655944824,20.8628374565528,-32.37664431024988,971929000
sw,-82.1114120483398,-39.8947029113769,21.70998512434068,-0.022352451615295976,971945667
sw,-82.304458618164,-40.3761329650878,22.076940012354015,33.15414726003369,971962334
sw,-82.5035705566406,-41.0527687072753,21.743297405197872,65.02722774836818,971979001
sw,-82.7434997558593,-42.3148040771484,20.478621712896942,92.82469865630407,971995668
sw,-82.9985122680664,-44.4105987548828,18.14556151873097,113.52788817491252,972012335
sw,-83.2559356689453,-46.7310943603515,14.798926354310014,124.53805213561337,972029002
sw,-83.4761962890625,-49.6877975463867,10.740067993846724,124.45204231605953,972045669
sw,-83.576301574707,-52.4262008666992,6.491682292734761,113.69702420415685,972062336
sw,-83.5043640136718,-54.7796745300293,2.67913091564703,94.75999819024705,972079003
sw,-83.3304367065429,-56.1384239196777,-0.161186010304254,71.83917439642666,972095670
sw,-83.1525802612304,-56.2158622741699,-1.7914742371870862,49.93116128402382,972112337
sw,-83.0397644042968,-55.7884674072265,-2.430104172014558,33.59326733975242,972129004
sw,-82.9701614379882,-55.2760963439941,-2.801079017979489,25.78396296247306,972145671
sw,-82.8522720336914,-55.3760337829589,-4.053754095565092,27.189338670071663,972162338
sw,-82.6284713745117,-56.8247108459472,-7.564734604209157,36.26260796289753,972179005
sw,-82.4032287597656,-59.2552299499511,-14.653874285907905,49.91413142054937,972195672
sw,-82.420295715332,-60.7777214050293,-26.260052418967838,64.53717244716765,972212339
sw,-82.4612808227539,-61.7683982849121,-42.64269271025266,76.97218024674946,972229006
sw,-82.2926635742187,-63.051887512207,-63.19397156360984,85.12800115621194,972245673
sw,-81.874282836914,-64.7229309082031,-86.43831131082719,88.18794419604282,972262340
sw,-80.9868621826171,-66.4203643798828,-110.24883166054417,86.48543795169503,972279007
sw,-79.4285125732421,-68.0120086669921,-132.24473091024043,81.17762082437334,972295674
sw,-77.5805511474609,-69.2055587768554,-150.27828915836676,73.82341080637886,972312341
sw,-75.0040206909179,-70.0371932983398,-162.88954505223538,65.95385734330326,972329008
sw,-71.6792755126953,-70.7396774291992,-169.60121018305304,58.723677493812815,972345675
sw,-68.6974105834961,-71.5193710327148,-170.94983862031472,52.72564640476673,972362342
sw,-66.5824737548828,-72.4323806762695,-168.21566067352074,48.00694678397883,972379009
sw,-64.5938415527343,-73.2685546875,-162.9231156995943,44.255369461932496,972395676
sw,-62.2968711853027,-74.1487045288086,-156.29016638073648,41.060595752618184,972412343
sw,-59.7169189453125,-74.8828125,-148.8321384012411,38.13841530687965,972429010
sw,-56.9209899902343,-75.5374603271484,-140.24572242581812,35.44065406192504,972445677
sw,-54.3316268920898,-76.1019058227539,-129.56491615424224,33.13549316852216,972462344
sw,-52.4330558776855,-76.545654296875,-115.48225265958739,31.496025172289006,972479011
sw,-51.0271110534668,-77.0129623413086,-96.71425583904389,30.7578388436215,972495678
sw,-49.926643371582,-77.5159301757812,-72.33903518085398,30.999957185631924,972512345
sw,-49.1591606140136,-78.0895233154296,-42.08696705222877,32.081069637828115,972529012
sw,-49.1007766723632,-78.7185668945312,-6.578939402899058,33.63842838454,972545679
sw,-49.6062126159668,-79.2850570678711,32.5177624516071,35.139174009322,972562346
sw,-50.2282028198242,-79.7645721435546,72.47830139320531,35.967206797822236,972579013
sw,-51.5047454833984,-80.2451095581054,109.72881378573624,35.53047318139307,972595680
sw,-54.0251083374023,-80.7491302490234,140.32276867290201,33.37541599649098,972612347
sw,-56.9148330688476,-81.1750793457031,160.6564349412489,29.290600484141553,972629014
sw,-60.1802177429199,-81.4747467041015,168.2857250236532,23.37328362355119,972645681
sw,-63.343822479248,-81.6475067138671,162.61934488746778,16.031845488228203,972662348
sw,-66.4603576660156,-81.7411804199218,145.25123621442302,7.910041397889721,972679015
sw,-68.5301971435546,-81.8236618041992,119.77481957209653,-0.2592576453574879,972695682
sw,-69.5758590698242,-81.796516418457,91.07210141935876,-7.84313422608639,972712349
sw,-69.7713317871093,-81.6633224487304,64.24802227532284,-14.499218982452389,972729016
sw,-69.8095397949218,-81.4308624267578,43.51733109695265,-20.31795527082473,972745683
sw,-70.0763092041015,-80.9675216674804,31.3769115586187,-25.864073309489005,972762350
sw,-71.0391464233398,-80.4645843505859,28.285318111694973,-32.07654131641628,972779017
sw,-72.0149307250976,-80.0573501586914,32.874884528570234,-40.02219864263646,972795684
sw,-72.6375350952148,-79.7248611450195,42.54217304738695,-50.55683412010326,972812351
sw,-73.7685012817382,-79.1920013427734,54.182587785664,-64.00551494218632,972829018
sw,-74.8907775878906,-78.010757446289,64.86354520624013,-79.99285070489265,972845685
sw,-75.8222961425781,-76.2249145507812,72.31417144608459,-97.50622824062522,972862352
sw,-76.9039230346679,-73.6347045898437,75.19186161228943,-115.17314797876229,972879019
sw,-78.0479736328125,-70.7746887207031,73.14249611095849,-131.63075737147201,972895686
sw,-78.9530639648437,-68.0709838867187,66.69800182520498,-145.82380508411438,972912353
sw,-79.6481246948242,-65.4379272460937,57.058890970630586,-157.11566897047976,972929020
sw,-80.1754760742187,-62.8262329101562,45.806109632283516,-165.20823209157757,972945687
sw,-80.5310592651367,-60.2543296813964,34.58828052060535,-169.9704875213304,972962354
sw,-80.7336273193359,-57.4471321105957,24.835089739041642,-171.30818959418207,972979021
sw,-80.9241180419921,-54.4523735046386,17.545629556719568,-169.15233040777048,972995688
sw,-81.1089859008789,-51.4687423706054,13.185825186612487,-163.5448566203967,973012355
sw,-81.2223968505859,-49.0357780456543,11.702399394617613,-154.72542158154513,973029022
sw,-81.2537384033203,-46.9910049438476,12.630893689023056,-143.1224623066438,973045689
sw,-81.2747650146484,-45.1524314880371,15.255318001195803,-129.22011218088844,973062356
sw,-81.4115142822265,-43.5585403442382,18.774650439788328,-113.35717622146342,973079023
sw,-81.7067718505859,-42.3469123840332,22.442653561586297,-95.56209981438518,973095690
sw,-82.0613555908203,-41.4303245544433,25.662607118180347,-75.52074118273688,973112357
sw,-82.356201171875,-40.6866073608398,28.031496828168788,-52.725648388677186,973129024
sw,-82.5736083984375,-40.3233947753906,29.338332448527996,-26.788315912898515,973145691
sw,-82.6960983276367,-40.4518165588378,29.529194281242813,2.170093215787153,973162358
sw,-82.7767486572265,-40.881607055664,28.6567301799667,33.17873753947216,973179025
sw,-82.9022369384765,-41.6670494079589,26.83321388505536,64.26528507432717,973195692
sw,-83.0787887573242,-43.0321464538574,24.20290184918539,92.59691531190335,973212359
sw,-83.2790908813476,-44.9764671325683,20.940168395006364,114.9473050781957,973229026
sw,-83.4771270751953,-47.4034309387207,17.265808762225365,128.42276796590113,973245693
sw,-83.6807479858398,-50.0690116882324,13.460237898957592,131.27626194537365,973262360
sw,-83.857551574707,-53.0695495605468,9.84677192618626,123.56521339514116,973279027
sw,-83.9747085571289,-55.742130279541,6.726606181648046,107.40288106900807,973295694
sw,-84.0457687377929,-57.366096496582,4.269568420981657,86.63701621567355,973312361
sw,-84.1034622192382,-57.5387573242187,2.392815725288104,65.96627370442538,973329028
sw,-84.0906066894531,-57.2329864501953,0.6778934787082203,49.73031863389188,973345695
sw,-83.9741897583007,-56.8849143981933,-1.6281185690662716,40.780621991884374,973362362
sw,-83.785171508789,-57.4366722106933,-5.5082732695716246,39.841575359733774,973379029
sw,-83.5741653442382,-59.2754974365234,-11.98223222587632,45.57389052187885,973395696
sw,-83.3706970214843,-61.3243560791015,-21.861545168622353,55.25041713264176,973412363
sw,-83.2871780395507,-62.945255279541,-35.50465385335287,65.71675416728793,973429030
sw,-83.3316116333007,-64.1071243286132,-52.63165881514141,74.26003689340409,973445697
sw,-83.2664413452148,-65.2238006591796,-72.26225724300816,79.14439595990417,973462364
sw,-82.8868331909179,-66.7602615356445,-92.82178522136917,79.76997168058655,973479031
sw,-82.1553268432617,-68.3258819580078,-112.41251783340816,76.5433388015297,973495698
sw,-80.9148788452148,-69.4960479736328,-129.19101826314937,70.5733538558117,973512365
sw,-79.255744934082,-70.3708343505859,-141.75773500403037,63.2838937604851,973529032
sw,-76.8362579345703,-71.1311111450195,-149.4595155076161,56.025053696612126,973545699
sw,-73.9748229980468,-71.9802703857421,-152.51680839945794,49.76864951094972,973562366
sw,-71.6718063354492,-72.8374481201171,-151.9155767050704,44.95763036574263,973579033
sw,-69.9800872802734,-73.5876998901367,-149.06749797045302,41.529754010393376,973595700
sw,-68.0091857910156,-74.3851699829101,-145.33586661321897,39.077567242294236,973612367
sw,-65.7529220581054,-75.1801147460937,-141.59486877254696,37.06934387152458,973629034
sw,-63.4221534729003,-75.9921493530273,-137.97765718978994,35.050485253008425,973645701
sw,-60.8918342590332,-76.6054992675781,-133.87606549596774,32.767104127589604,973662368
sw,-58.4209251403808,-77.0826797485351,-128.14536508649107,30.192012210789766,973679035
sw,-56.3014373779296,-77.5219955444336,-119.40548569932749,27.47271285005382,973695702
sw,-54.6717414855957,-77.9624481201171,-106.33653156512081,24.843919658103548,973712369
sw,-53.4404640197753,-78.4100646972656,-87.92002238310766,22.54490261185602,973729036
sw,-52.5987129211425,-78.8692321777343,-63.63562406402595,20.76209207435218,973745703
sw,-52.1884574890136,-79.286750793457,-33.64696925798713,19.596611672675497,973762370
sw,-52.0456733703613,-79.6369094848632,1.014654471257767,19.047145508541103,973779037
sw,-52.2508316040039,-79.921630859375,38.31631402387875,19.002177774849592,973795704
sw,-53.0223579406738,-80.1680450439453,75.23755976325933,19.245136004909323,973812371
sw,-54.4954643249511,-80.4410781860351,108.03757273229584,19.481847170050933,973829038
sw,-56.8755226135253,-80.7579269409179,132.8207934848378,19.395871865029406,973845705
sw,-59.6149215698242,-81.0648422241211,146.33363771200007,18.724702383781178,973862372
sw,-62.5383796691894,-81.3129196166992,146.8055709895145,17.336104799513134,973879039
sw,-65.3684387207031,-81.4943084716796,134.57951528828045,15.277922861167044,973895706
sw,-67.7895431518554,-81.6935729980468,112.29556012625558,12.779664517812334,973912373
sw,-69.2625045776367,-81.8938827514648,84.499894813523,10.195983471327455,973929040
sw,-69.652099609375,-82.1013107299804,56.721166559150014,7.895171190692973,973945707
sw,-69.2821197509765,-82.2330780029296,34.23923317727347,6.1095743916208445,973962374
sw,-69.0704269409179,-82.2163162231445,20.89646941973324,4.7823028956693046,973979041
sw,-68.9437942504882,-82.0611801147461,18.304777614705948,3.4629546782398646,973995708
sw,-69.4059371948242,-81.9700164794921,25.66784032006801,1.3111496213887286,974012375
sw,-70.5969772338867,-82.0083694458007,40.22345939846754,-2.7556547932592683,974029042
sw,-72.0021743774414,-82.0724716186523,58.11030550471268,-9.786641098645143,974045709
sw,-73.269775390625,-81.9019241333007,75.3591703698068,-20.473264918601938,974062376
sw,-74.4965286254882,-81.4093399047851,88.73012328225597,-34.89135257343971,974079043
sw,-75.8926544189453,-80.5844116210937,96.2287496512734,-52.41130686989302,974095710
sw,-77.4341430664062,-79.1580276489257,97.26357036833721,-71.81698955435142,974112377
sw,-78.7776641845703,-77.20556640625,92.4947258926538,-91.5915406364026,974129044
sw,-79.7063446044921,-74.783935546875,83.46331842341552,-110.26116282681994,974145711
sw,-80.288818359375,-72.2802505493164,72.10755859529998,-126.6686032916832,974162378
sw,-80.7046203613281,-70.0052185058593,60.28328229590846,-140.09028150986578,974179045
sw,-81.1559143066406,-67.6974105834961,49.402178952824684,-150.19499715203352,974195712
sw,-81.5701141357421,-65.2541732788086,40.2636488020489,-156.91904679693945,974212379
sw,-81.9954757690429,-62.6950187683105,33.08926468149746,-160.35442666301478,974229046
sw,-82.2794570922851,-60.0695075988769,27.700393195427125,-160.7035079557619,974245713
sw,-82.3531494140625,-57.6011390686035,23.741144664967862,-158.28286041785194,974262380
sw,-82.2799911499023,-55.3814163208007,20.85501405929191,-153.51574603855337,974279047
sw,-82.1005935668945,-53.3001823425293,18.765988296318206,-146.8649256751078,974295714
sw,-81.9356689453125,-51.294147491455,17.269177275013647,-138.7070535724114,974312381
sw,-81.8579635620117,-49.3442878723144,16.175884516657767,-129.19542867724095,974329048
sw,-81.8262252807617,-47.563419342041,15.268485248000674,-118.17106738191454,974345715
sw,-81.7505493164062,-46.0850639343261,14.302479998159859,-105.1655245037498,974362382
sw,-81.6375045776367,-44.868595123291,13.059456076913767,-89.51177754700001,974379049
sw,-81.5360794067382,-43.7339820861816,11.422993791987748,-70.55412845246721,974395716
sw,-81.4895477294921,-43.058609008789,9.435123339870062,-47.924197846785006,974412383
sw,-81.5107116699218,-42.8931427001953,7.300064533982528,-21.82723808538788,974429050
sw,-81.5826187133789,-43.1068572998046,5.32827048417999,6.732130179904505,974445717
sw,-81.6382522583007,-43.6200065612793,3.8421698311719052,35.85770174711833,974462384
sw,-81.6694946289062,-44.3760452270507,3.0813637138724754,62.86683810211433,974479051
sw,-81.6920318603515,-45.5101928710937,3.1431914100702074,84.63608832862481,974495718
sw,-81.7098541259765,-47.1677627563476,3.976667474776594,98.18698973887976,974512385
sw,-81.7332916259765,-49.2571678161621,5.422211816725149,101.43570016675065,974529052
sw,-81.7657928466796,-51.6945533752441,7.268464481047071,93.93329451806397,974545719
sw,-81.844985961914,-54.0511283874511,9.29131564693017,77.34740393060825,974562386
sw,-81.9723892211914,-55.941795349121,11.251943363058901,55.43615434038631,974579053
sw,-82.0991287231445,-56.2348251342773,12.854095394935273,33.381738729698746,974595720
sw,-82.1714630126953,-55.6734924316406,13.68483090080865,16.573027733927585,974612387
sw,-82.141975402832,-54.8827438354492,13.176083939631637,9.173291403497576,974629054
sw,-82.0067977905273,-54.1910781860351,10.620587389332776,12.953164305444218,974645721
sw,-81.8893814086914,-54.4287071228027,5.257887506447674,26.815436115619796,974662388
sw,-81.8700561523437,-55.8953170776367,-3.5758278370502823,47.19444780505006,974679055
sw,-81.8974685668945,-58.7750205993652,-16.259147516471394,69.18389992322169,974695722
sw,-82.0844345092773,-61.2446212768554,-32.699701224902114,87.97671882588669,974712389
sw,-82.4781951904296,-63.2236518859863,-52.20876466399101,100.11061935947069,974729056
sw,-83.0666427612304,-64.6959457397461,-73.49861016104389,104.14258762100629,974745723
sw,-83.6372451782226,-66.1628265380859,-94.84166834516628,100.64477516549151,974762390
sw,-83.9188842773437,-67.8083267211914,-114.37699697492285,91.66846091663174,974779057
sw,-83.4298248291015,-69.0993041992187,-130.48954753980598,79.94676486898737,974795724
sw,-81.9321136474609,-70.0049057006836,-142.15317949689307,68.09791575154408,974812391
sw,-79.5987167358398,-70.8024597167968,-149.13348323992204,58.019255204466596,974829058
sw,-77.1684036254882,-71.5287551879882,-151.9836495268044,50.583219409502796,974845725
sw,-74.8262176513671,-72.3737106323242,-151.82326310899816,45.6677182226052,974862392
sw,-72.7426834106445,-73.4268341064453,-149.95648895452072,42.46772627990158,974879059
sw,-70.5871124267578,-74.4690551757812,-147.4454917388492,39.956088628705075,974895726
sw,-68.3058166503906,-75.3401107788086,-144.7788288445683,37.320901596655546,974912393
sw,-66.0597152709961,-76.0288314819336,-141.7436920999213,34.22919473402944,974929060
sw,-63.6253852844238,-76.4548110961914,-137.53515119274618,30.848431900893488,974945727
sw,-61.0324401855468,-76.7060317993164,-131.0487966644134,27.66226678860959,974962394
sw,-58.7835235595703,-76.9487991333007,-121.2416795256656,25.19514885561105,974979061
sw,-56.7979316711425,-77.3322982788086,-107.43398836498432,23.777472624282915,974995728
sw,-55.4251098632812,-77.8437805175781,-89.4648945773173,23.438353191341655,975012395
sw,-54.6147003173828,-78.4174880981445,-67.69091347029406,23.937622586614076,975029062
sw,-54.256607055664,-78.9578247070312,-42.88608871736591,24.884816624953388,975045729
sw,-54.0102233886718,-79.3972396850586,-16.133117317691617,25.869667919653644,975062396
sw,-54.023639678955,-79.7662658691406,11.231930562877826,26.547497743266778,975079063
sw,-54.4342308044433,-80.0702972412109,37.62326311563681,26.663653704209906,975095730
sw,-55.1831817626953,-80.3624267578125,61.21980048318836,26.03809244621369,975112397
sw,-56.485050201416,-80.6951141357421,80.07079187889678,24.54734394842741,975129064
sw,-58.0375785827636,-81.056884765625,92.33957208941396,22.133311829215653,975145731
sw,-59.6253204345703,-81.3948974609375,96.66860581627365,18.845015186960214,975162398
sw,-61.2914695739746,-81.6802520751953,92.58644253454037,14.894048181683672,975179065
sw,-62.8369140625,-81.9212188720703,80.83801941319861,10.689135327004696,975195732
sw,-64.4805145263671,-82.0803451538086,63.51135611697862,6.815370803933941,975212399
sw,-65.4158477783203,-82.1295700073242,43.8595836675048,3.9389413611859294,975229066
sw,-65.8439788818359,-82.1106643676757,25.784325247558204,2.643740996270126,975245733
sw,-65.5748138427734,-82.0975341796875,13.052039011922567,3.234642452873849,975262400
sw,-65.1970825195312,-82.1047668457031,8.427971729281007,5.563298522326594,975279067
sw,-64.8935775756836,-82.1132049560546,12.979607617088968,8.93733897779281,975295734
sw,-64.7628097534179,-82.1475219726562,25.7809484122684,12.15919391229425,975312401
sw,-65.336441040039,-82.2306213378906,44.13758277580972,13.709226147980921,975329068
sw,-67.0984878540039,-82.3110961914062,64.285345446349,12.04677242912201,975345735
sw,-69.3314437866211,-82.337043762207,82.35071099725779,5.962967302489128,975362402
sw,-71.0175476074218,-82.2500762939453,95.26774872288388,-5.1065721965962165,975379069
sw,-72.5390243530273,-81.9702606201171,101.37646361612411,-20.902546584665377,975395736
sw,-74.021858215332,-81.34814453125,100.56980678881209,-40.361650224774195,975412403
sw,-75.3669738769531,-80.2995376586914,94.02959619381228,-61.84537792090521,975429070
sw,-76.4527893066406,-78.6745529174804,83.70649100792964,-83.51800675564554,975445737
sw,-77.2120208740234,-76.4938812255859,71.72871565618767,-103.75289214823223,975462404
sw,-77.7953720092773,-74.0187835693359,59.896037215490075,-121.42603076141123,975479071
sw,-78.3022155761718,-71.7787628173828,49.362261571304856,-135.99807093193513,975495738
sw,-78.6937866210937,-69.597183227539,40.54745995608203,-147.38148347028357,975512405
sw,-79.1600112915039,-67.2713623046875,33.26099651211898,-155.69120079622343,975529072
sw,-79.7472686767578,-64.7533340454101,26.969822252307228,-161.02301571456638,975545739
sw,-80.3008575439453,-62.1263961791992,21.120011461268092,-163.3648651706565,975562406
sw,-80.7938461303711,-59.6010932922363,15.41367919566191,-162.65218063754625,975579073
sw,-81.0585784912109,-57.1985664367675,9.95906499461377,-158.89570812346346,975595740
sw,-81.0387344360351,-54.9213600158691,5.250195578152527,-152.28565869970691,975612407
sw,-80.8013153076171,-52.7680397033691,1.9881242666285937,-143.20812650138618,975629074
sw,-80.4931488037109,-50.9173545837402,0.8103356484325885,-132.16472485813506,975645741
sw,-80.3414001464843,-49.2067031860351,2.026254788737948,-119.63231809482615,975662408
sw,-80.3820724487304,-47.6840782165527,5.452023090825537,-105.92189889272215,975679075
sw,-80.558349609375,-46.4825477600097,10.400880411300685,-91.09312962430256,975695742
sw,-80.8301773071289,-45.5170974731445,15.833336730346506,-74.9606280627794,975712409
sw,-81.2081985473632,-44.8095741271972,20.621651612755056,-57.20020992995222,975729076
sw,-81.6235122680664,-44.3147315979003,23.84760461132118,-37.53689301448731,975745743
sw,-81.9424133300781,-44.3468551635742,25.03921517147323,-15.976317057706376,975762410
sw,-82.1814651489257,-44.5906791687011,24.268791040628702,6.9711889029971585,975779077
sw,-82.3522186279296,-44.9665260314941,22.081994512827436,30.131934601480324,975795744
sw,-82.4673309326171,-45.6281013488769,19.289259824340483,51.639426116676724,975812411
sw,-82.5291900634765,-46.6054878234863,16.69899955211401,69.09643604561504,975829078
sw,-82.543098449707,-47.9278984069824,14.885323793297935,79.96432241208498,975845745
sw,-82.5317077636718,-49.4816284179687,14.059354757148824,82.15166667435922,975862412
sw,-82.5085525512695,-51.1741638183593,14.067822178407688,74.68551360975628,975879079
sw,-82.4950942993164,-52.8158073425293,14.497844162739362,58.269847990820054,975895746
sw,-82.4924545288086,-54.2307929992675,14.840288512302156,35.509595938952266,975912413
sw,-82.4861907958984,-54.843391418457,14.659613251636081,10.634921046655851,975929080
sw,-82.4680023193359,-54.4467086791992,13.726338644421103,-11.29707391526,975945747
sw,-82.4386215209961,-53.2485961914062,12.078736722897855,-25.55491175064107,975962414
sw,-82.3995590209961,-52.0009956359863,9.991551277729515,-28.90821981657478,975979081
sw,-82.3383255004882,-51.4701461791992,7.848025902064341,-20.447235496799344,975995748
sw,-82.2570877075195,-51.8403511047363,5.941282832558596,-1.776076446465351,976012415
sw,-82.219741821289,-52.7751655578613,4.265218352100103,23.470303014492295,976029082
sw,-82.2840576171875,-54.2654075622558,2.3763181498011074,50.608675847204246,976045749
sw,-82.5196380615234,-56.3032646179199,-0.6007740529852227,75.07313007313692,976062416
sw,-82.9209442138671,-58.7565193176269,-5.793581877171005,93.42742001877073,976079083
sw,-83.423713684082,-60.5912361145019,-14.261358910067006,103.96835331174378,976095750
sw,-83.9530563354492,-62.2472229003906,-26.62831154695992,106.80794387995174,976112417
sw,-84.4923095703125,-63.8727073669433,-42.797098412820745,103.48524360980439,976129084
sw,-85.0009231567382,-65.4560470581054,-61.85358733254932,96.28891435828739,976145751
sw,-85.2061309814453,-66.8526916503906,-82.2102822855905,87.52505687222914,976162418
sw,-84.7886886596679,-68.1160049438476,-101.94867139959251,78.93691408564673,976179085
sw,-83.4651718139648,-69.2904357910156,-119.24895069082086,71.4051033863905,976195752
sw,-81.7308654785156,-70.4188995361328,-132.7710817526484,64.96416738424482,976212419
sw,-79.6650772094726,-71.5039443969726,-141.8804905617427,59.08378233239285,976229086
sw,-77.1363372802734,-72.7340469360351,-146.67372394187208,53.09283834198447,976245753
sw,-74.6799774169921,-73.8793334960937,-147.8215598493656,46.58584522204537,976262420
sw,-72.5374450683593,-74.7539367675781,-146.28950834437114,39.66028274366495,976279087
sw,-70.3664169311523,-75.2671203613281,-143.01830632008094,32.89920032047505,976295754
sw,-68.1030349731445,-75.506851196289,-138.65288704958846,27.120009229129614,976312421
sw,-65.9658508300781,-75.695083618164,-133.3918350929719,23.01276859483608,976329088
sw,-63.8862495422363,-76.0092086791992,-126.98952400602874,20.83612533717497,976345755
sw,-61.7234077453613,-76.4377059936523,-118.89448898780824,20.302452883557372,976362422
sw,-59.73583984375,-76.9641418457031,-108.46908541313242,20.689213703397538,976379089
sw,-58.0877075195312,-77.5257110595703,-95.2187334080532,21.11403184700017,976395756
sw,-56.8765983581543,-78.0674896240234,-78.96829316098406,20.852394455564024,976412423
sw,-55.8749542236328,-78.4977340698242,-59.953483487966665,19.575674620289522,976429090
sw,-55.4180259704589,-78.7347030639648,-38.82998187025325,17.432070609477126,976445757
sw,-55.1163215637207,-78.84521484375,-16.622810294134233,14.95915900371773,976462424
sw,-54.9595260620117,-78.9287948608398,5.363019555206499,12.876907277032176,976479091
sw,-55.3837432861328,-79.0832824707031,25.663313699830272,11.842866770279059,976495758
sw,-56.3155822753906,-79.3118362426757,42.80716188771337,12.248967227849462,976512425
sw,-57.413230895996,-79.596923828125,55.491454622301056,14.110610654648134,976529092
sw,-58.5231857299804,-79.8984375,62.75060701974519,17.062565803473923,976545759
sw,-59.4280624389648,-80.2025451660156,64.09226679121142,20.44892281434229,976562426
sw,-60.1600151062011,-80.5501174926757,59.589410191853304,23.481047962970564,976579093
sw,-60.8633918762207,-80.9700622558593,49.941205532252496,25.432434949291345,976595760
sw,-61.6780776977539,-81.4558334350586,36.51237312211977,25.834406772007217,976612427
sw,-62.4647254943847,-81.9841613769531,21.327351592603197,24.629287068305157,976629094
sw,-62.9137458801269,-82.5154418945312,6.9563749610659045,22.23350443009945,976645761
sw,-63.165672302246,-82.9585647583007,-3.774573730971794,19.471470828340994,976662428
sw,-62.7344207763671,-83.2177963256836,-8.265667163214044,17.368143206845534,976679095
sw,-62.14644241333,-83.3342666625976,-4.737723944617289,16.831440447731087,976695762
sw,-61.8166694641113,-83.3560104370117,7.229500730864322,18.302151528055695,976712429
sw,-61.906150817871,-83.4003753662109,26.413732215960888,21.47876633519919,976729096
sw,-62.5838088989257,-83.4838638305664,50.063631233025916,25.22055135623338,976745763
sw,-63.8114471435546,-83.6324691772461,74.42895717023653,27.689888955670163,976762430
sw,-65.6293334960937,-83.7272720336914,95.58794997792066,26.726375583285556,976779097
sw,-68.0919342041015,-83.6841583251953,110.34692502292684,20.37257227617286,976795764
sw,-70.6736450195312,-83.5626373291015,116.94975525235152,7.416781639622225,976812431
sw,-72.2929992675781,-83.3084259033203,115.38466803096298,-12.202589852858175,976829098
sw,-73.754768371582,-82.8492279052734,107.20718544975934,-37.26479645358636,976845765
sw,-75.0606613159179,-82.0497665405273,94.96368614155564,-65.47346445152016,976862432
sw,-76.0608520507812,-80.6180801391601,81.42389135561898,-93.96630047237166,976879099
sw,-76.7611465454101,-78.3635177612304,68.86282691720922,-119.98244845570349,976895766
sw,-77.29345703125,-75.5395812988281,58.58334964611095,-141.4723890246897,976912433
sw,-77.8817138671875,-72.860237121582,50.779036479687775,-157.44764158594467,976929100
sw,-78.5754089355468,-70.3517456054687,44.734242109796284,-167.97059244797066,976945767
sw,-79.3250656127929,-67.9545211791992,39.264042602839254,-173.83518686368652,976962434
sw,-80.0891494750976,-65.5247268676757,33.23609863602335,-176.10879985063826,976979101
sw,-80.7303466796875,-62.8469429016113,26.009155299639488,-175.73167004873923,976995768
sw,-81.2132492065429,-60.1748809814453,17.667254854496313,-173.29997570028817,977012435
sw,-81.5067138671875,-57.4257125854492,9.00169612997673,-169.04645506737808,977029102
sw,-81.4498596191406,-54.7281074523925,1.2672319294447252,-162.94566245092278,977045769
sw,-81.0971984863281,-52.3990211486816,-4.202216625244919,-154.8455755129983,977062436
sw,-80.6092834472656,-50.3229331970214,-6.399074097733864,-144.5575137091061,977079103
sw,-80.2323379516601,-48.3706703186035,-4.948446691551226,-131.8907383022703,977095770
sw,-80.1339492797851,-46.5820503234863,-0.22971167173842003,-116.6612919974749,977112437
sw,-80.3161163330078,-45.1705627441406,6.712086470913389,-98.71604724339717,977129104
sw,-80.6727523803711,-44.1381492614746,14.427502939202393,-77.99660356456648,977145771
sw,-81.0960922241211,-43.3952522277832,21.41402699694852,-54.643002474616395,977162438
sw,-81.5000991821289,-43.2226028442382,26.45737066809907,-29.11930029405426,977179105
sw,-81.8681030273437,-43.2578697204589,28.87286640259072,-2.333631365480674,977195772
sw,-82.1817474365234,-43.5892257690429,28.591127978829622,24.281966512934485,977212439
sw,-82.3832321166992,-44.180004119873,26.081625637705727,48.77702294939454,977229106
sw,-82.4598007202148,-45.1413955688476,22.15817445798063,68.82608592487419,977245773
sw,-82.4624557495117,-46.4494018554687,17.742980491811057,82.05057755693714,977262440
sw,-82.4567565917968,-48.0487518310546,13.666697865584883,86.51259832408195,977279107
sw,-82.4439163208007,-49.8129272460937,10.550883251404054,81.297659617357,977295774
sw,-82.4399490356445,-51.4851188659668,8.774021653381197,67.02545007744861,977312441
sw,-82.4443893432617,-53.0706253051757,8.488973273255269,46.08839463626526,977329108
sw,-82.4545974731445,-54.122013092041,9.653948958754196,22.450045615270785,977345775
sw,-82.5096740722656,-53.867748260498,12.055514956218387,0.9506109780142283,977362442
sw,-82.5747680664062,-52.9000282287597,15.321799011337127,-13.757287947917572,977379109
sw,-82.582649230957,-51.924705505371,18.93221012172856,-18.348667466453257,977395776
sw,-82.5242767333984,-51.4591178894043,22.226966927394066,-11.673234193936398,977412443
sw,-82.4912033081054,-51.6830596923828,24.417905285500257,4.980697892547266,977429110
sw,-82.5423889160156,-52.6660194396972,24.611185533811796,28.291524308883783,977445777
sw,-82.6614761352539,-54.5733680725097,21.867031357979837,53.83133400503744,977462444
sw,-82.8869934082031,-57.0757179260253,15.323781146736865,77.20125444208087,977479111
sw,-83.2145919799804,-58.9332962036132,4.390621755737835,95.02036045258518,977495778
sw,-83.5590438842773,-60.382095336914,-11.029444731332497,105.50351869976872,977512445
sw,-83.9485168457031,-62.1352500915527,-30.365920876064315,108.54006438723334,977529112
sw,-84.5407333374023,-64.1180801391601,-52.347509233709005,105.35960242147559,977545779
sw,-85.2029876708984,-65.9869079589843,-75.16413813791138,97.96485752548583,977562446
sw,-85.443618774414,-67.5015716552734,-96.80380408620944,88.51392274673726,977579113
sw,-84.8907928466796,-68.6293869018554,-115.46679167817949,78.79408863116373,977595780
sw,-83.546760559082,-69.5653839111328,-129.92588138645942,69.88974487673413,977612447
sw,-81.631118774414,-70.446418762207,-139.72706563774446,62.10759230999763,977629114
sw,-79.1193923950195,-71.5584564208984,-145.1878650573542,55.16236866361417,977645781
sw,-76.6269378662109,-72.9015579223632,-147.21078923170717,48.54325149584713,977662448
sw,-74.4758682250976,-73.9821853637695,-146.96907119224647,41.907153131343755,977679115
sw,-72.2907485961914,-74.7472076416015,-145.54633900498715,35.3282036954139,977695782
sw,-69.9731521606445,-75.1322784423828,-143.6249517038726,29.298119237657787,977712449
sw,-67.7211608886718,-75.275405883789,-141.30786152707722,24.493861799399404,977729116
sw,-65.4684829711914,-75.4267807006836,-138.1194293696986,21.44074734737802,977745783
sw,-63.1957664489746,-75.7214431762695,-133.17545657404915,20.23994882597682,977762450
sw,-60.8683052062988,-76.1794357299804,-125.46353322301191,20.48364971386438,977779117
sw,-58.6634292602539,-76.6908569335937,-114.14587795001817,21.38320136647887,977795784
sw,-57.0184898376464,-77.256362915039,-98.79639985357754,22.041400181299373,977812451
sw,-55.8288764953613,-77.7730331420898,-79.51563063985942,21.751336543922857,977829118
sw,-55.1109237670898,-78.1628952026367,-56.92124939262093,20.211161863114445,977845785
sw,-54.7831001281738,-78.4041900634765,-32.06036857945384,17.5904967719784,977862452
sw,-54.5857734680175,-78.5318603515625,-6.304390843662947,14.444033642848412,977879119
sw,-54.7638473510742,-78.6502609252929,18.737542517871358,11.51754986566827,977895786
sw,-55.4476890563964,-78.7933197021484,41.29307689055729,9.516487892445896,977912453
sw,-56.468635559082,-78.9222030639648,59.52534397627986,8.90533509033556,977929120
sw,-57.4807624816894,-79.0858993530273,71.69334602787367,9.786057227257139,977945787
sw,-58.5546035766601,-79.2829666137695,76.39154117320847,11.878174767587906,977962454
sw,-59.7035522460937,-79.500244140625,72.85733446098125,14.599717170318613,977979121
sw,-60.8281135559082,-79.775520324707,61.299691081572156,17.22897333973009,977995788
sw,-62.0422897338867,-80.1471786499023,43.15991025753167,19.110643147308,978012455
sw,-63.0165138244628,-80.5736846923828,21.182175024190858,19.856754759053626,978029122
sw,-63.3632278442382,-81.0628204345703,-0.8222403500980893,19.485677148298073,978045789
sw,-62.8888320922851,-81.5512008666992,-18.562024686150444,18.447561644654456,978062456
sw,-61.6022834777832,-81.9051971435546,-28.120835578099758,17.50693449388959,978079123
sw,-60.6457061767578,-82.0978851318359,-26.86494471227624,17.49299586813813,978095790
sw,-60.1121826171875,-82.1988830566406,-14.127446570898147,18.9762802007721,978112457
sw,-60.2286720275878,-82.3269348144531,8.553114357959958,21.96842529151611,978129124
sw,-60.9200820922851,-82.5200576782226,37.71827056684588,25.750306129720244,978145791
sw,-62.0765724182128,-82.8121261596679,68.7179603111542,28.9042150542102,978162458
sw,-63.6814002990722,-83.1128540039062,96.68844295526645,29.566960280375415,978179125
sw,-65.8908157348632,-83.2965927124023,117.54299345722218,25.853438225574823,978195792
sw,-68.5938720703125,-83.3364944458007,128.7503120858191,16.345914499651563,978212459
sw,-70.940444946289,-83.266731262207,129.72846738698863,0.5172245617218799,978229126
sw,-72.5808181762695,-82.9976730346679,121.77455391889892,-21.037698940341983,978245793
sw,-74.1605453491211,-82.4407272338867,107.57302578934593,-46.64702400022891,978262460
sw,-75.4962692260742,-81.3859100341796,90.43983440346804,-73.89648035924331,978279127
sw,-76.3636322021484,-79.6011962890625,73.5163765995605,-100.1732019768066,978295794
sw,-76.8823547363281,-77.1182632446289,59.11310957063338,-123.25602194671374,978312461
sw,-77.2256698608398,-74.4116744995117,48.34246563633987,-141.75710513367846,978329128
sw,-77.71240234375,-71.919319152832,41.100465204478894,-155.26876867668966,978345795
sw,-78.4094619750976,-69.4594192504882,36.36699503582154,-164.18969496048035,978362462
sw,-79.306655883789,-67.0687561035156,32.71046391147592,-169.3394566823752,978379129
sw,-80.2174911499023,-64.5854110717773,28.830876113284955,-171.54634924207087,978395796
sw,-80.8198623657226,-61.8824844360351,23.97882297550564,-171.37240250510013,978412463
sw,-81.1808700561523,-59.1359710693359,18.144383970811923,-169.04317482017484,978429130
sw,-81.3737030029296,-56.4566116333007,11.992900168284248,-164.5416351382514,978445797
sw,-81.2977142333984,-53.870304107666,6.600508434188282,-157.76386861070378,978462464
sw,-81.0269241333007,-51.6460304260253,3.089160525877609,-148.63938570573936,978479131
sw,-80.7029724121093,-49.6301612854003,2.273352994204474,-137.16975430013255,978495798
sw,-80.574478149414,-47.8252830505371,4.4137245051712695,-123.3979806747954,978512465
sw,-80.6803436279296,-46.1984176635742,9.134478775768692,-107.35669331895299,978529132
sw,-81.0025863647461,-44.8756446838378,15.513476928750848,-89.04526110132896,978545799
sw,-81.4789581298828,-44.0631065368652,22.308300803524723,-68.46463649652054,978562466
sw,-81.978286743164,-43.5322074890136,28.248672829236547,-45.71268043480657,978579133
sw,-82.4290771484375,-43.3338394165039,32.31200141471374,-21.123297338249657,978595800
sw,-82.8538360595703,-43.4967308044433,33.90886958551503,4.581430308474329,978612467
sw,-83.2401962280273,-43.9028892517089,32.938376087397245,30.17124653135115,978629134
sw,-83.5415954589843,-44.5288467407226,29.71925792205927,53.879167656781746,978645801
sw,-83.7319641113281,-45.5998649597168,24.843756470290156,73.52813598161394,978662468
sw,-83.8463592529296,-46.9851264953613,19.019874886141665,86.85583135162085,978679135
sw,-83.9194641113281,-48.7343788146972,12.955691514872788,92.02366094649102,978695802
sw,-83.9510116577148,-50.6164016723632,7.30267000750214,88.21118379362638,978712469
sw,-83.9411315917968,-52.5725746154785,2.633613893984799,76.11613119957937,978729136
sw,-83.8643569946289,-54.501235961914,-0.5898766490424625,58.145951635401865,978745803
sw,-83.7274551391601,-55.3695182800293,-2.0923403473140825,38.13629611889231,978762470
sw,-83.5991439819336,-55.0775070190429,-1.8952259049736178,20.57585003851202,978779137
sw,-83.5123062133789,-54.4614753723144,-0.41905078354850595,9.517113586913313,978795804
sw,-83.4219818115234,-53.9294662475585,1.4807000732148738,7.516500054302019,978812471
sw,-83.3235321044921,-53.8562316894531,2.584342628792894,14.974533544604128,978829138
sw,-83.2673416137695,-54.6989440917968,1.491321346603748,30.10703450824185,978845805
sw,-83.2863006591796,-56.8688583374023,-3.1124664272941955,49.53579225184511,978862472
sw,-83.4892196655273,-58.8850440979003,-12.157718595538604,69.25849313674185,978879139
sw,-83.8580627441406,-60.2246131896972,-25.9349706601603,85.64820086900515,978895806
sw,-84.2046508789062,-61.6308059692382,-43.948794160093236,96.18641894953029,978912473
sw,-84.2743301391601,-63.2350463867187,-64.93307090538151,99.79933715887039,978929140
sw,-83.9745178222656,-65.2700271606445,-87.03615807295306,96.82764574537332,978945807
sw,-83.0624847412109,-67.2031478881836,-108.13826674619848,88.73220857615024,978962474
sw,-81.5146179199218,-68.4863204956054,-126.23142507714915,77.63381121415122,978979141
sw,-79.758544921875,-69.1977157592773,-139.78255138157746,65.77383869556594,978995808
sw,-77.3253402709961,-69.6831588745117,-148.00525843712626,55.00153060151133,979012475
sw,-74.363037109375,-70.2021408081054,-150.97694690744711,46.414939744935594,979029142
sw,-71.9305877685546,-70.9862747192382,-149.55758053619536,40.25653650918657,979045809
sw,-70.0843429565429,-71.8892974853515,-145.11000535727965,36.07806131374984,979062476
sw,-68.0421371459961,-72.6616821289062,-139.0905954078487,33.084822944713295,979079143
sw,-65.9487533569336,-73.3765792846679,-132.63890563711368,30.508197284753567,979095810
sw,-63.8614921569824,-73.9377517700195,-126.29871173941906,27.868266044996666,979112477
sw,-61.6629486083984,-74.4725723266601,-119.94265818838433,25.05949743437144,979129144
sw,-59.5735664367675,-74.8660354614257,-112.88959985762928,22.275592323828494,979145811
sw,-57.748176574707,-75.1079711914062,-104.14500406034435,19.845622010203254,979162478
sw,-56.1873474121093,-75.3644180297851,-92.68021350258998,18.067858692287995,979179145
sw,-54.868350982666,-75.7334671020507,-77.68715424107815,17.106387515091257,979195812
sw,-53.8843269348144,-76.1934280395507,-58.77835921408774,16.973602694945686,979212479
sw,-53.4344329833984,-76.7142486572265,-36.12751622824437,17.57723003474325,979229146
sw,-53.4211616516113,-77.1792678833007,-10.554964272338378,18.782665165182518,979245813
sw,-53.5765800476074,-77.5232849121093,16.44370308821983,20.442952157615874,979262480
sw,-54.0060882568359,-77.812271118164,42.74614206854382,22.37767802739118,979279147
sw,-54.837661743164,-78.0998611450195,65.76915372545757,24.32117800360401,979295814
sw,-56.0801963806152,-78.4164810180664,82.79299550314707,25.887117540739116,979312481
sw,-57.6018257141113,-78.7699737548828,91.44870163372747,26.596226358627124,979329148
sw,-59.318675994873,-79.2121047973632,90.30400956067409,25.98705139229673,979345815
sw,-61.0323524475097,-79.7439498901367,79.40966414317738,23.78804128791834,979362482
sw,-62.7816314697265,-80.2912521362304,60.62349703243487,20.090030807491402,979379149
sw,-63.8970489501953,-80.7359619140625,37.54188953131348,15.43859111668312,979395816
sw,-64.2044448852539,-81.0297317504882,14.951236650597394,10.778420257030916,979412483
sw,-63.6772994995117,-81.1639404296875,-2.142538066362716,7.227765827453978,979429150
sw,-62.7376976013183,-81.1398468017578,-9.684135492502106,5.725298055744934,979445817
sw,-62.0155296325683,-80.9831466674804,-5.60502862569393,6.650644505893345,979462484
sw,-61.7148170471191,-80.8905334472656,9.604924225296832,9.549243596176064,979479151
sw,-61.9696426391601,-80.9517135620117,32.99251375829988,13.077286340557372,979495818
sw,-63.1556243896484,-81.099983215332,59.89769715609199,15.222795069023773,979512485
sw,-65.4813079833984,-81.2762908935546,85.15402415578626,13.77137999483292,979529152
sw,-68.2359924316406,-81.4183044433593,104.36843615484847,6.899433121390705,979545819
sw,-70.3405838012695,-81.4535140991211,114.89037340912786,-6.277243602942968,979562486
sw,-71.7297821044921,-81.1972579956054,116.20035093736631,-25.37579902505042,979579153
sw,-73.2097549438476,-80.462776184082,109.67207923857077,-48.763043055719564,979595820
sw,-74.6307296752929,-79.0925750732421,97.88100774580272,-73.93656242827578,979612487
sw,-75.6416549682617,-77.1348495483398,83.74332473522672,-98.16396651124775,979629154
sw,-76.3389282226562,-74.5215988159179,69.75386538170795,-119.17109397039482,979645821
sw,-76.99560546875,-71.9428176879882,57.501845959463694,-135.64008628261388,979662488
sw,-77.7386016845703,-69.5188827514648,47.53411390926454,-147.3473417105635,979679155
sw,-78.4728088378906,-67.2946853637695,39.532181482897315,-154.91992085412377,979695822
sw,-79.1314086914062,-65.0298080444336,32.690013772008754,-159.35039244423146,979712489
sw,-79.7747650146484,-62.7140998840332,26.145718785056122,-161.5018539277368,979729156
sw,-80.2820434570312,-60.0945510864257,19.337859286793744,-161.80952207547065,979745823
sw,-80.6857757568359,-57.3124313354492,12.207118474434319,-160.2627285092975,979762490
sw,-80.9285125732421,-54.5765113830566,5.218890994521834,-156.60463008157453,979779157
sw,-80.9164505004882,-52.062156677246,-0.774368179230891,-150.59537219046135,979795824
sw,-80.667121887207,-49.8617401123046,-4.78221748382845,-142.18610680238297,979812491
sw,-80.303955078125,-48.0442237854003,-5.968043538062251,-131.52860579561388,979829158
sw,-80.0358734130859,-46.4835891723632,-3.9066107121127716,-118.84546746610918,979845825
sw,-80.0033416748046,-45.1023368835449,1.2608483578164598,-104.25643938283889,979862492
sw,-80.1420288085937,-43.9470710754394,8.814472011100555,-87.67003274999605,979879159
sw,-80.4907913208007,-42.9462928771972,17.5874260075589,-68.81116124364246,979895826
sw,-81.030891418457,-42.2241821289062,26.202866152150808,-47.391846371347626,979912493
sw,-81.6617736816406,-41.9025955200195,33.34950851601226,-23.37395337652141,979929160
sw,-82.2654113769531,-41.8831520080566,38.02096231818775,2.7601202916153396,979945827
sw,-82.796142578125,-42.3477058410644,39.66128257606085,29.818308323822855,979962494
sw,-83.2362747192382,-43.120059967041,38.19745438118798,55.86707487593092,979979161
sw,-83.5180511474609,-44.2381172180175,33.98120882700945,78.40771607938144,979995828
sw,-83.6806564331054,-45.7521667480468,27.686497991810892,94.77501665176705,980012495
sw,-83.8137588500976,-47.5538902282714,20.20448973279474,102.71917270774135,980029162
sw,-83.9296569824218,-49.7617454528808,12.551009488666063,101.06160790220268,980045829
sw,-84.0023040771484,-52.0995178222656,5.770668144880962,90.24390847556086,980062496
sw,-84.0322799682617,-54.3549575805664,0.8095702131565581,72.55217463550902,980079163
sw,-83.9818115234375,-55.4591369628906,-1.653739761593188,51.84174878990084,980095830
sw,-83.8941421508789,-55.3557243347168,-1.391227715343427,32.734280308555896,980112497
sw,-83.8727035522461,-54.9030532836914,1.2376905984199136,19.474980057486043,980129164
sw,-83.9247817993164,-54.3626823425293,5.257596041154061,14.8183260585022,980145831
sw,-83.9904174804687,-54.3568420410156,9.189687607364927,19.340991231301683,980162498
sw,-84.1041946411132,-55.4686775207519,11.294649895668828,31.425048207640202,980179165
sw,-84.3030242919921,-57.7748413085937,9.898723601614245,47.8851383797736,980195832
sw,-84.622802734375,-59.5743179321289,3.7367779895721123,64.96503956417838,980212499
sw,-85.0444869995117,-60.8078689575195,-7.759539208724505,79.32438106110665,980229166
sw,-85.4244842529296,-62.0589218139648,-24.29587077895084,88.7159919745198,980245833
sw,-85.5858993530273,-63.6213951110839,-44.71861796950276,92.24507643573936,980262500
sw,-85.2869033813476,-65.5227508544921,-67.19574431648125,90.27012380879016,980279167
sw,-84.4930572509765,-67.2624359130859,-89.53569476214713,84.07209899130581,980295834
sw,-83.2486343383789,-68.3900146484375,-109.57216584489588,75.40666530874377,980312501
sw,-81.7052383422851,-69.1669692993164,-125.53667968810113,66.03344253410755,980329168
sw,-79.7328872680664,-69.8268203735351,-136.35397999753394,57.31815717458165,980345835
sw,-76.9877395629882,-70.5199279785156,-141.80756770639437,50.00285272748153,980362502
sw,-74.2050170898437,-71.3833999633789,-142.52863603433892,44.20021355246768,980379169
sw,-72.359504699707,-72.3865585327148,-139.78228860402336,39.59016058583246,980395836
sw,-70.7579498291015,-73.3291091918945,-135.08365827519916,35.71758759943026,980412503
sw,-68.7502288818359,-74.0547332763671,-129.75558465519345,32.25475398155405,980429170
sw,-66.6856079101562,-74.4894561767578,-124.57903116127953,29.122621154483298,980445837
sw,-64.6262588500976,-74.8594055175781,-119.64765539313515,26.445931014856043,980462504
sw,-62.579906463623,-75.2307968139648,-114.44616073019716,24.400816631955262,980479171
sw,-60.6825714111328,-75.5568084716796,-108.09001907935023,23.055721548975217,980495838
sw,-58.8359603881835,-75.933853149414,-99.6277287617215,22.29139848582273,980512505
sw,-57.1900672912597,-76.4561538696289,-88.31272120119853,21.832649138490456,980529172
sw,-55.9706497192382,-77.0235519409179,-73.78309367149976,21.365641628404088,980545839
sw,-55.0818061828613,-77.5248489379882,-56.129719735180835,20.676391311554337,980562506
sw,-54.8227043151855,-77.9087905883789,-35.8751723958274,19.741332434136677,980579173
sw,-54.728271484375,-78.2292404174804,-13.912361364122967,18.72787490198741,980595840
sw,-54.6709327697753,-78.4881134033203,8.551474283078832,17.905810357346176,980612507
sw,-54.974193572998,-78.7113037109375,30.03366364175031,17.508650329256277,980629174
sw,-55.7463150024414,-78.9553985595703,48.8293292674728,17.60281814712078,980645841
sw,-56.7255935668945,-79.2379913330078,63.13148120537886,18.018331474842753,980662508
sw,-57.7800483703613,-79.541275024414,71.25522944194353,18.371968727739795,980679175
sw,-58.8317604064941,-79.8570404052734,71.96385871639842,18.182095627163473,980695842
sw,-59.9008903503418,-80.2191390991211,64.84955979135044,17.0433562357927,980712509
sw,-61.1468391418457,-80.5856246948242,50.678964585859674,14.807252391309243,980729176
sw,-62.3707618713378,-80.8752746582031,31.57875978274587,11.706418888425846,980745843
sw,-62.9484252929687,-81.1240997314453,10.929717323193449,8.369285226558393,980762510
sw,-62.9758758544921,-81.3036804199218,-7.111802137931606,5.697921839237657,980779177
sw,-62.0579261779785,-81.3867797851562,-18.42860145015183,4.620427823030788,980795844
sw,-61.1378173828125,-81.3498077392578,-19.91146756408813,5.771201184440056,980812511
sw,-60.383201599121,-81.2702178955078,-10.298041027788877,9.18661713357617,980829178
sw,-60.14644241333,-81.2838592529296,9.39864079210944,14.117579151045678,980845845
sw,-60.7262153625488,-81.4167022705078,36.035462394629796,19.04323212744472,980862512
sw,-61.9390182495117,-81.6452102661132,65.04060459623761,21.919670166332835,980879179
sw,-63.7842903137207,-81.8870010375976,91.47913583258809,20.625937798024857,980895846
sw,-66.145393371582,-82.031494140625,111.18290675658567,13.500465673495706,980912513
sw,-68.7035827636718,-81.9957046508789,121.63211800906467,-0.18119602808722501,980929180
sw,-70.5069122314453,-81.7072219848632,122.35969037052115,-19.935657994315847,980945847
sw,-72.0807800292968,-81.0656280517578,114.80433657957218,-44.10838208698679,980962514
sw,-73.5435028076171,-79.9067306518554,101.70970166974504,-70.23163265412086,980979181
sw,-74.6766586303711,-78.1454238891601,86.28770037574706,-95.61336977098527,980995848
sw,-75.4189300537109,-75.685546875,71.39576729521869,-117.97820287376935,981012515
sw,-75.9041442871093,-72.9478454589843,58.933591846090025,-135.94753985386853,981029182
sw,-76.4458465576171,-70.4296112060546,49.58173952926819,-149.1946763147372,981045849
sw,-77.1465682983398,-68.1313095092773,42.90640356372881,-158.23673680797845,981062516
sw,-77.9347152709961,-65.8722610473632,37.756241969538436,-163.97861944936815,981079183
sw,-78.8604965209961,-63.5500144958496,32.80239765221033,-167.22580509631123,981095850
sw,-79.6952667236328,-60.8791694641113,27.046952056817986,-168.37479405191954,981112517
sw,-80.2005004882812,-57.9521903991699,20.15544484517908,-167.3781138044121,981129184
sw,-80.4744491577148,-55.1752128601074,12.539377046743672,-163.9342967618463,981145851
sw,-80.4603042602539,-52.6564750671386,5.196555614066625,-157.7561255271998,981162518
sw,-80.2289733886718,-50.3574447631835,-0.6158705161847704,-148.76636663718463,981179185
sw,-79.8730392456054,-48.3806037902832,-3.7654199520488594,-137.14100155373305,981195852
sw,-79.6005554199218,-46.7410507202148,-3.575005779538339,-123.21149725632789,981212519
sw,-79.4675750732421,-45.2992553710937,-0.018104609241852955,-107.30228822747742,981229186
sw,-79.5403366088867,-44.0517883300781,6.260829296462403,-89.59741044875558,981245853
sw,-79.8229141235351,-43.076301574707,14.094230818857197,-70.10576748465509,981262520
sw,-80.292724609375,-42.406265258789,22.060583841042767,-48.747366046653035,981279187
sw,-80.8352890014648,-42.1529006958007,28.798152424259733,-25.536873176260748,981295854
sw,-81.3532791137695,-42.2562980651855,33.27603730676108,-0.8116647418060343,981312521
sw,-81.836196899414,-42.6762046813964,34.952468181991385,24.560370258852323,981329188
sw,-82.2118530273437,-43.3034629821777,33.793197731014835,49.061649137704904,981345855
sw,-82.4536361694336,-44.2203750610351,30.17450323801417,70.562448220294,981362522
sw,-82.5906982421875,-45.5755653381347,24.731714131041617,86.56980190199072,981379189
sw,-82.6670913696289,-47.1814193725585,18.218795802899336,94.70004954918583,981395856
sw,-82.7289733886718,-49.0403480529785,11.417294076092933,93.31281932779709,981412523
sw,-82.7721405029296,-50.9719276428222,5.090905751434007,82.15725856728652,981429190
sw,-82.7754974365234,-52.7501029968261,-0.049529239037652883,62.818252664260314,981445857
sw,-82.6934127807617,-54.4199104309082,-3.4083578417157283,38.74903451177251,981462524
sw,-82.5685348510742,-54.7374382019043,-4.607083827909917,14.762471612867568,981479191
sw,-82.4604339599609,-54.0429077148437,-3.603879812350532,-3.9759699185341066,981495858
sw,-82.3626480102539,-53.0475463867187,-0.7874085498475782,-13.205245095823273,981512525
sw,-82.2509841918945,-52.1599769592285,2.9964343394609068,-10.684135262561037,981529192
sw,-82.1760711669921,-51.9997863769531,6.5080166283403935,3.217308582318576,981545859
sw,-82.2023544311523,-52.8604583740234,8.269098403609172,25.657679072380496,981562526
sw,-82.379653930664,-54.7404174804687,6.792757021361574,52.139950169800215,981579193
sw,-82.7143325805664,-57.3374595642089,0.8559235665367602,77.71303483207016,981595860
sw,-83.1620178222656,-59.3446807861328,-10.231801451492208,98.1594036244751,981612527
sw,-83.5506515502929,-60.8542938232421,-26.41976149712071,110.82354027334135,981629194
sw,-83.6954727172851,-62.6935768127441,-46.82541807448054,114.916093547213,981645861
sw,-83.5299530029296,-64.7044143676757,-69.8028157094566,111.33037111894183,981662528
sw,-82.9085693359375,-66.6732635498046,-93.17976586720272,102.13185070387365,981679195
sw,-81.7259979248046,-68.2177124023437,-114.6306076627401,89.90500066864635,981695862
sw,-80.1746139526367,-69.2520141601562,-132.1113770380344,77.11340199181126,981712529
sw,-78.1478576660156,-69.9821014404296,-144.25925564511445,65.59847105105862,981729196
sw,-75.3426284790039,-70.6561279296875,-150.65416202345926,56.31362828549881,981745863
sw,-72.5585174560546,-71.5857009887695,-151.85906511812829,49.34095459934684,981762530
sw,-70.5592041015625,-72.6908645629882,-149.20351378454282,44.15647014057126,981779197
sw,-68.6859664916992,-73.7143249511718,-144.35568944867782,40.02422895354174,981795864
sw,-66.6781921386718,-74.4702529907226,-138.816050307208,36.3563577190838,981812531
sw,-64.5294189453125,-74.9516677856445,-133.50465492959864,32.907781297069185,981829198
sw,-62.2184219360351,-75.3635482788086,-128.56942843354312,29.766070019186106,981845865
sw,-59.7724685668945,-75.7727508544921,-123.4402313756246,27.1942951141105,981862532
sw,-57.549015045166,-76.1934356689453,-117.05774101656482,25.434449842042994,981879199
sw,-55.6669464111328,-76.6798706054687,-108.16560387808781,24.56540264657345,981895866
sw,-54.1377830505371,-77.1862258911132,-95.57612399737458,24.457124500995995,981912533
sw,-52.9120979309082,-77.6937713623046,-78.3764707111595,24.809756503639814,981929200
sw,-52.2896270751953,-78.2249526977539,-56.0946760762367,25.23656591831251,981945867
sw,-52.1579475402832,-78.6815109252929,-28.863975653213608,25.348195659950534,981962534
sw,-51.9810714721679,-79.0368576049804,2.398469865141802,24.812670064479832,981979201
sw,-52.0599021911621,-79.3548049926757,35.837948963125626,23.38813996088743,981995868
sw,-52.8087577819824,-79.6773223876953,68.63358288911776,20.941403262466796,982012535
sw,-54.0694770812988,-79.9849777221679,97.21561676776487,17.467566854678182,982029202
sw,-56.0295257568359,-80.2204284667968,117.79761136577996,13.115740178231798,982045869
sw,-58.4605751037597,-80.3779830932617,127.1766047288159,8.211026677322486,982062536
sw,-60.8496780395507,-80.4511566162109,123.6230317161062,3.253963124781812,982079203
sw,-63.5624732971191,-80.460220336914,107.59270308073404,-1.1210547482519957,982095870
sw,-65.8964233398437,-80.4541244506836,81.98584149478748,-4.2388596285261055,982112537
sw,-66.9599075317382,-80.4694137573242,51.77148932372147,-5.526735422704568,982129204
sw,-66.3976440429687,-80.5347747802734,22.983375544346927,-4.69239290761713,982145871
sw,-65.5168380737304,-80.4584655761718,1.3261801132711137,-1.904402342594903,982162538
sw,-64.67626953125,-80.1681747436523,-9.191204473011451,2.076989630075989,982179205
sw,-63.7480697631835,-79.983528137207,-7.157068181728584,5.88554041725033,982195872
sw,-63.6394500732421,-79.9992446899414,6.087654147278823,7.710030666416657,982212539
sw,-65.0383987426757,-80.1628494262695,27.05240747584031,5.643465905844338,982229206
sw,-67.1789093017578,-80.3543548583984,51.20375317758569,-1.8428135434855795,982245873
sw,-68.789680480957,-80.4576873779296,74.16181980782225,-15.435392756495308,982262540
sw,-69.9930953979492,-80.114013671875,92.59374273469635,-34.6882996113068,982279207
sw,-71.291389465332,-79.2307510375976,104.60064780535504,-58.0299873326052,982295874
sw,-72.683837890625,-77.6924972534179,109.6379231213952,-83.09490606128647,982312541
sw,-74.076675415039,-75.3736114501953,108.16822503678569,-107.28644870841453,982329208
sw,-75.5797805786132,-72.6226272583007,101.26562459765961,-128.38401303477923,982345875
sw,-77.2082748413086,-69.7511444091796,90.30672745449823,-144.9839006295387,982362542
sw,-78.5020141601562,-67.06591796875,76.77635155592941,-156.63086159025093,982379209
sw,-79.2799301147461,-64.4483184814453,62.14263887026209,-163.63111354775398,982395876
sw,-79.8122482299804,-62.0295791625976,47.74669982654555,-166.6748175070035,982412543
sw,-80.3317108154296,-59.5881156921386,34.69067934884149,-166.46329018752712,982429210
sw,-80.8500289916992,-56.6856040954589,23.750176359217008,-163.49718628973943,982445877
sw,-81.1657791137695,-53.7569618225097,15.344105431162264,-158.063267038142,982462544
sw,-81.2470474243164,-51.3009605407714,9.56821703388307,-150.33638186270272,982479211
sw,-81.1468048095703,-49.2713470458984,6.268139780306186,-140.4672270639047,982495878
sw,-80.9916152954101,-47.4647560119628,5.118928878803278,-128.57549212021974,982512545
sw,-80.957649230957,-45.9081764221191,5.690400992849896,-114.66275250277484,982529212
sw,-81.1425552368164,-44.5464820861816,7.495169756477596,-98.52898713993974,982545879
sw,-81.4583129882812,-43.5285110473632,10.026616063373064,-79.78454824396903,982562546
sw,-81.734260559082,-42.6304473876953,12.795301957400726,-58.004689978042165,982579213
sw,-82.0029907226562,-42.0468482971191,15.368807513861977,-33.00634444737298,982595880
sw,-82.3029098510742,-42.0602226257324,17.413824116715073,-5.167271875274919,982612547
sw,-82.5955429077148,-42.4242935180664,18.73050439918958,24.32138126215401,982629214
sw,-82.8303756713867,-43.2186965942382,19.262366904046896,53.36966792056346,982645881
sw,-83.0072631835937,-44.3571548461914,19.07015594340825,79.13575147909809,982662548
sw,-83.1435928344726,-45.7790222167968,18.277005241320175,98.42344326321577,982679215
sw,-83.2248611450195,-47.4971771240234,17.0119448012331,108.29621198350681,982695882
sw,-83.2847290039062,-49.5004501342773,15.382027025156273,106.81314447484127,982712549
sw,-83.3773574829101,-51.5944862365722,13.485589359730684,93.72662552402396,982729216
sw,-83.4592056274414,-53.6721229553222,11.451858587424665,70.92937718479003,982745883
sw,-83.4915084838867,-55.459300994873,9.472715508117938,42.43616621692886,982762550
sw,-83.491455078125,-55.5559883117675,7.792846152306603,13.771779404191529,982779217
sw,-83.4478530883789,-54.5722503662109,6.644110866143469,-9.178737191622,982795884
sw,-83.391975402832,-53.4110679626464,6.1367072194685575,-21.574808607428984,982812551
sw,-83.2952499389648,-52.3131484985351,6.139846549583415,-20.84455527417345,982829218
sw,-83.1354751586914,-51.935245513916,6.192878945722654,-7.3162986465285735,982845885
sw,-82.9731826782226,-52.654556274414,5.48634117961871,15.95243203124809,982862552
sw,-82.9144897460937,-54.522289276123,2.942151014140306,44.072466863924056,982879219
sw,-83.02197265625,-56.9148216247558,-2.600076479842308,71.62765350124229,982895886
sw,-83.3471603393554,-58.871971130371,-12.11710593179428,93.96096319165845,982912553
sw,-83.7543716430664,-60.4549674987793,-26.116960682162723,108.08124416574371,982929220
sw,-84.0811004638671,-62.2156333923339,-44.41406894232827,113.01872815386906,982945887
sw,-84.1250381469726,-64.2430191040039,-66.03848895035395,109.66223119125132,982962554
sw,-83.7340545654296,-66.2528610229492,-89.32202995939622,100.23551308519572,982979221
sw,-82.5945053100586,-67.9137725830078,-112.15617435949225,87.59649211030744,982995888
sw,-80.8975448608398,-68.9635848999023,-132.36781956183444,74.52056290101078,983012555
sw,-78.9831466674804,-69.6685714721679,-148.12612347876237,63.10709738117765,983029222
sw,-76.2504730224609,-70.2750473022461,-158.2849364273422,54.429204285128186,983045889
sw,-72.973388671875,-71.0283584594726,-162.57551057081776,48.50256229382183,983062556
sw,-70.2865524291992,-72.1199340820312,-161.5894365800573,44.56333935874368,983079223
sw,-68.3147888183593,-73.2874908447265,-156.541434612311,41.54004077083897,983095890
sw,-66.1502990722656,-74.278091430664,-148.877647682894,38.53167624393424,983112557
sw,-63.8714370727539,-74.9603118896484,-139.8612691107631,35.11226414179302,983129224
sw,-61.6236610412597,-75.3407287597656,-130.27188586611388,31.37407038259656,983145891
sw,-59.3479232788085,-75.643928527832,-120.2907940833137,27.749646607301436,983162558
sw,-57.3864860534668,-76.0005264282226,-109.56076519721722,24.743271329079622,983179225
sw,-55.716625213623,-76.4347076416015,-97.35844830280593,22.711837279812347,983195892
sw,-54.286766052246,-76.9395370483398,-82.81511497346487,21.77460341589886,983212559
sw,-53.276611328125,-77.5171661376953,-65.14693503438349,21.84851062341809,983229226
sw,-52.6862335205078,-78.1022415161132,-43.88191553504981,22.74717838386249,983245893
sw,-52.5479431152343,-78.5637893676757,-19.079630418541733,24.267924412261564,983262560
sw,-52.4976196289062,-78.9317321777343,8.473277496829054,26.217449662862535,983279227
sw,-52.7063369750976,-79.3008651733398,37.13927228033672,28.373149348069266,983295894
sw,-53.478271484375,-79.7020492553711,64.45488469571272,30.418165094444035,983312561
sw,-54.7540702819824,-80.123908996582,87.38141777786458,31.905093871838503,983329228
sw,-56.4283447265625,-80.6074600219726,102.80840487777107,32.29119120631343,983345895
sw,-58.5427207946777,-81.1439971923828,108.24713597360156,31.05596237474866,983362562
sw,-60.545181274414,-81.6521682739257,102.55882255653614,27.87438775020617,983379229
sw,-62.3042297363281,-82.1231613159179,86.50630474513827,22.788693844284296,983395896
sw,-64.2096099853515,-82.5679016113281,62.9242376567815,16.308367155848764,983412563
sw,-65.0540313720703,-82.9089279174804,36.376042029715904,9.377540086511281,983429230
sw,-64.8984832763671,-83.0298767089843,12.298931246286635,3.181740213236786,983445897
sw,-63.9332542419433,-82.9410934448242,-4.193262435616151,-1.1821818081530509,983462564
sw,-63.1442718505859,-82.608039855957,-9.531737778604722,-3.090730592042799,983479231
sw,-62.5576400756835,-82.2435455322265,-2.569601259342476,-2.7076720556672473,983495898
sw,-62.3410034179687,-82.0966491699218,15.167362210344425,-1.098688165198312,983512565
sw,-62.9875411987304,-82.0970458984375,39.93895759223072,-0.0685386718666053,983529232
sw,-64.8993301391601,-82.1829986572265,66.81023649363203,-1.7345751133163614,983545899
sw,-67.3646774291992,-82.2903900146484,90.9043209859722,-7.949349363359356,983562566
sw,-69.2634658813476,-82.2448120117187,108.4959688044955,-19.750181462650076,983579233
sw,-70.7354431152343,-81.8359146118164,117.64005968439042,-37.01840548363727,983595900
sw,-72.3796844482421,-80.8183670043945,118.23227486048248,-58.47049977595605,983612567
sw,-73.96923828125,-79.1208038330078,111.6117438516946,-81.99304004691334,983629234
sw,-75.2378997802734,-76.7451095581054,99.93206674448034,-105.20890426855013,983645901
sw,-76.2357330322265,-73.950210571289,85.52524246988858,-126.07268092314894,983662568
sw,-77.1041793823242,-71.3042373657226,70.41324287893433,-143.2830096805754,983679235
sw,-77.8497543334961,-68.8509674072265,56.038473546952176,-156.38191233548835,983695902
sw,-78.4495391845703,-66.37451171875,43.211398032010926,-165.55199810062217,983712569
sw,-78.9145812988281,-64.0030212402343,32.221441221941156,-171.25105357728313,983729236
sw,-79.4046325683593,-61.3761825561523,23.03405015626147,-173.8730219810158,983745903
sw,-79.8800354003906,-58.5777320861816,15.49994590048093,-173.57502309446951,983762570
sw,-80.2431106567382,-55.7777709960937,9.518154719090974,-170.3001175043146,983779237
sw,-80.2908477783203,-52.9749221801757,5.113056053913536,-163.92222399477552,983795904
sw,-80.0915832519531,-50.5535621643066,2.4110865864855993,-154.39553866681118,983812571
sw,-79.8485565185546,-48.4485855102539,1.53738462445809,-141.81688085959004,983829238
sw,-79.6824188232421,-46.7133598327636,2.483927447995976,-126.37847098923086,983845905
sw,-79.6925964355468,-45.2874794006347,5.010473928989648,-108.2588854966144,983862572
sw,-79.8592758178711,-44.0981521606445,8.623049306405079,-87.53785528476759,983879239
sw,-80.0790481567382,-43.2982292175293,12.642403615150565,-64.21334087324462,983895906
sw,-80.3383483886718,-42.8473396301269,16.341176473271148,-38.35475647673249,983912573
sw,-80.5863342285156,-42.756965637207,19.10410764730246,-10.363955706603445,983929240
sw,-80.8202667236328,-42.9204940795898,20.557678495133622,18.742894402887075,983945907
sw,-81.0609512329101,-43.4507102966308,20.6273025013873,47.155283613193134,983962574
sw,-81.2641448974609,-44.3919258117675,19.508168357386168,72.31068862240588,983979241
sw,-81.3871688842773,-45.8090324401855,17.56908643023784,91.23133633289098,983995908
sw,-81.4654922485351,-47.696002960205,15.232619182913185,101.1390801270374,984012575
sw,-81.5618515014648,-49.7606697082519,12.878065470936672,100.22702550750878,984029242
sw,-81.6510314941406,-51.8552742004394,10.794842122894213,88.37882620762494,984045909
sw,-81.7234573364257,-53.7085189819335,9.18321356743305,67.5896560136958,984062576
sw,-81.7960662841796,-55.3242378234863,8.17509017775978,41.88066141676908,984079243
sw,-81.8444061279296,-55.3739547729492,7.842346404975647,16.62023228055085,984095910
sw,-81.8513412475586,-54.6490058898925,8.172696749249434,-2.645209470955201,984112577
sw,-81.8313674926757,-53.7714385986328,9.01339525954366,-11.548726684064002,984129244
sw,-81.7366638183593,-52.9506378173828,10.001698761756387,-8.030523322581962,984145911
sw,-81.5601959228515,-52.78413772583,10.513722078223726,7.140406848922521,984162578
sw,-81.446548461914,-53.7384796142578,9.667785353371844,30.63070827192935,984179245
sw,-81.4727935791015,-55.8470878601074,6.412013027274643,57.50341330681002,984195912
sw,-81.6686477661132,-58.375202178955,-0.294153284464533,82.54996356899076,984212579
sw,-82.0696716308593,-60.3355026245117,-11.228123576045252,101.56119937073002,984229246
sw,-82.5571365356445,-62.1006965637207,-26.642324195957137,112.16813666091785,984245913
sw,-82.9467315673828,-64.0452575683593,-46.07508724979444,114.07646131974205,984262580
sw,-83.0514984130859,-65.8875579833984,-68.30958820741554,108.73696942738002,984279247
sw,-82.8069686889648,-67.3819961547851,-91.5170221789228,98.6443783626642,984295914
sw,-82.0551300048828,-68.5058135986328,-113.56428732581543,86.51349780253526,984312581
sw,-80.6892623901367,-69.4585189819336,-132.4169695746608,74.56785872159168,984329248
sw,-79.0187301635742,-70.2809295654296,-146.5418266719686,64.11535326430267,984345915
sw,-76.5237960815429,-71.1377029418945,-155.21058157128655,55.489888162514156,984362582
sw,-73.4653854370117,-72.2376861572265,-158.62164810606578,48.32317982672179,984379249
sw,-71.0962677001953,-73.4703903198242,-157.7882980600043,42.00528702615841,984395916
sw,-68.9980773925781,-74.4939804077148,-154.2003782279524,36.13276837106756,984412583
sw,-66.7820281982421,-75.0475769042968,-149.34737751584103,30.760691180453623,984429250
sw,-64.5621490478515,-75.305435180664,-144.25391277277328,26.37279290285833,984445917
sw,-62.3250732421875,-75.5244598388671,-139.17830895635493,23.620789110598725,984462584
sw,-59.8506660461425,-75.7980270385742,-133.557382810628,22.986519178875156,984479251
sw,-57.5012512207031,-76.2407684326171,-126.18778234527862,24.535300123842543,984495918
sw,-55.3794136047363,-76.9379119873046,-115.56394882341287,27.858245948402384,984512585
sw,-53.7012786865234,-77.7674255371093,-100.26924039046162,32.19643572867791,984529252
sw,-52.3981819152832,-78.4775085449218,-79.33670640869954,36.66029362538937,984545919
sw,-51.751853942871,-79.0979232788086,-52.53590880172264,40.437239914001296,984562586
sw,-51.611530303955,-79.7032928466796,-20.57293457994906,42.915746591378046,984579253
sw,-51.5886573791503,-80.2761535644531,14.806644334248745,43.712686894737274,984595920
sw,-51.9594573974609,-80.7893600463867,50.84704331554488,42.63780689922949,984612587
sw,-52.9547500610351,-81.3061599731445,84.00749531760526,39.64584432635372,984629254
sw,-54.4464569091796,-81.8779144287109,110.44035206375624,34.814706706619916,984645921
sw,-56.9088134765625,-82.4173431396484,126.71057789330446,28.359208317874224,984662588
sw,-59.7427635192871,-82.7973175048828,130.62988267607233,20.659911194370874,984679255
sw,-62.2797470092773,-82.9998016357421,121.97225297793952,12.271047046490423,984695922
sw,-64.6466064453125,-83.0618667602539,102.80593480860009,3.8777143966012013,984712589
sw,-66.0050811767578,-83.1026153564453,77.25593481120619,-3.805943282028847,984729256
sw,-66.2582397460937,-83.118896484375,50.68422035834173,-10.183493864545461,984745923
sw,-65.903091430664,-83.0222549438476,28.480194435072264,-14.939348241334981,984762590
sw,-65.3969345092773,-82.7622604370117,14.808860978415415,-18.18058818850176,984779257
sw,-65.0579223632812,-82.3140029907226,11.69720302623409,-20.511175741406895,984795924
sw,-64.8910293579101,-81.8332443237304,18.728958921736282,-22.98930699967025,984812591
sw,-65.9913253784179,-81.448501586914,33.40669920541208,-26.936398061766518,984829258
sw,-68.0282440185546,-81.0860595703125,52.01084842846588,-33.613655685161525,984845925
sw,-69.3837127685546,-80.76171875,70.62917788196332,-43.84690770246222,984862592
sw,-70.4277038574218,-80.251480102539,86.01709228817083,-57.72928097157639,984879259
sw,-71.9307250976562,-79.1241683959961,96.08108034311701,-74.52947772709828,984895926
sw,-73.3982467651367,-77.3292694091796,99.96720957007612,-92.86657012007079,984912593
sw,-74.631118774414,-74.6984176635742,97.87062368242705,-111.10049835221525,984929260
sw,-75.8358612060546,-71.7665786743164,90.71699384285547,-127.78294570764267,984945927
sw,-76.9355316162109,-69.0705871582031,79.83535451282879,-141.97708510371362,984962594
sw,-77.7361679077148,-66.5259780883789,66.68958388857268,-153.31838659888834,984979261
sw,-78.3283233642578,-63.9536094665527,52.68875235218815,-161.82427623509648,984995928
sw,-78.8201446533203,-61.5479621887207,39.06764897857538,-167.58982051979817,985012595
sw,-79.3364028930664,-58.8950538635253,26.820770794065073,-170.55252706797708,985029262
sw,-79.7968139648437,-55.8652915954589,16.675796302242524,-170.4477711516021,985045929
sw,-80.085952758789,-52.7877044677734,9.093448314430233,-166.9495080528593,985062596
sw,-80.1046142578125,-50.0607185363769,4.27813050248655,-159.87883363087366,985079263
sw,-79.9486389160156,-47.8884162902832,2.1861679385036417,-149.33326519604222,985095930
sw,-79.7408447265625,-46.028751373291,2.5304845165466645,-135.65313280077095,985112597
sw,-79.6157302856445,-44.4342384338378,4.7949364366407075,-119.24800008147568,985129264
sw,-79.7406539916992,-43.2068901062011,8.276845747175633,-100.3878633759634,985145931
sw,-80.0420761108398,-42.3707580566406,12.168322288220686,-79.08435360097879,985162598
sw,-80.3371200561523,-41.6752243041992,15.67079775514684,-55.15012661044303,985179265
sw,-80.5453491210937,-41.2354583740234,18.121458948618756,-28.45233638016888,985195932
sw,-80.711311340332,-41.3075523376464,19.10139161666001,0.7067923421438645,985212599
sw,-80.8304214477539,-41.7334785461425,18.49595040851874,31.216342308651754,985229266
sw,-80.925064086914,-42.4024925231933,16.48914019364895,60.95161439895017,985245933
sw,-81.0387725830078,-43.5637016296386,13.494322534531998,86.87567527611742,985262600
sw,-81.1295623779296,-45.224323272705,10.045726684201583,105.51209776502633,985279267
sw,-81.176399230957,-47.4089736938476,6.686943035826762,113.7397497257678,985295934
sw,-81.234130859375,-49.8133811950683,3.8870135869701232,109.7314157460959,985312601
sw,-81.28125,-52.3767318725585,1.9963294129200089,93.75695984455962,985329268
sw,-81.2783432006836,-54.3596305847168,1.2346729514790438,68.5478501464549,985345935
sw,-81.2520141601562,-55.3869018554687,1.6926813715263895,39.00659487354588,985362602
sw,-81.252685546875,-54.9311904907226,3.329154399264376,11.238883687493077,985379269
sw,-81.2784805297851,-54.0309410095214,5.955496365591367,-8.868484463554685,985395936
sw,-81.2965393066406,-52.9943389892578,9.20832686788093,-17.10765481477466,985412603
sw,-81.221076965332,-52.3480262756347,12.519911331140138,-11.98860158394924,985429270
sw,-81.035888671875,-52.3485717773437,15.105659168859567,4.968769122579678,985445937
sw,-80.9599075317382,-53.3939247131347,15.996414724495077,29.765436181530923,985462604
sw,-81.0965576171875,-55.5058822631835,14.140895563064223,57.087351411858144,985479271
sw,-81.4335861206054,-58.1852226257324,8.582466522511927,81.72069363595537,985495938
sw,-81.9361343383789,-60.28413772583,-1.3194170147028483,99.77986052796838,985512605
sw,-82.4937362670898,-61.9673156738281,-15.681104967744886,109.41090438759944,985529272
sw,-82.9491806030273,-63.8363227844238,-33.9657061932046,110.84666699860831,985545939
sw,-83.0961837768554,-65.6006088256836,-54.98329094772743,105.91358796315428,985562606
sw,-82.9104461669921,-67.1922073364257,-77.03804846533896,97.2299727646698,985579273
sw,-82.3056106567382,-68.4442138671875,-98.20058246835235,87.3660138443228,985595940
sw,-81.1733245849609,-69.4883880615234,-116.6491095440554,78.1903911984762,985612607
sw,-79.8048782348632,-70.4874267578125,-131.0045544812597,70.54599798239398,985629274
sw,-77.8521194458007,-71.5259933471679,-140.58399312986464,64.29735488608917,985645941
sw,-75.2722778320312,-72.7574234008789,-145.50916842752804,58.68651998574514,985662608
sw,-72.8056716918945,-74.0999984741211,-146.62869928524847,52.84380993291663,985679275
sw,-70.8291931152343,-75.1403427124023,-145.25128090481093,46.25456225409817,985695942
sw,-68.8158187866211,-75.875503540039,-142.74707262220377,39.00905255820237,985712609
sw,-66.6760177612304,-76.2944793701171,-140.1335295482025,31.759454531364522,985729276
sw,-64.5431671142578,-76.5650482177734,-137.7789504689756,25.436072688784254,985745943
sw,-62.2114601135253,-76.8386306762695,-135.31285875207084,20.871780365743138,985762610
sw,-59.6522560119628,-77.1422424316406,-131.7509415705035,18.50216926624283,985779277
sw,-57.3306274414062,-77.5883255004882,-125.76762961112236,18.2498352372032,985795944
sw,-55.2502174377441,-78.1039352416992,-116.01503387045045,19.605740340031318,985812611
sw,-53.7026901245117,-78.6686019897461,-101.4030390335673,21.839134015425493,985829278
sw,-52.6302452087402,-79.2112808227539,-81.30595895811021,24.231497354574717,985845945
sw,-51.9835166931152,-79.6524963378906,-55.71117242900273,26.243355102050632,985862612
sw,-51.5478630065918,-80.0236434936523,-25.34047916828343,27.569441519826377,985879279
sw,-51.3372840881347,-80.3408660888671,8.25545786530834,28.09296034601737,985895946
sw,-51.5646629333496,-80.672119140625,42.683693533758486,27.79020364077265,985912613
sw,-52.6146736145019,-81.0601425170898,74.86519448617057,26.648236267300017,985929280
sw,-54.3263092041015,-81.4913253784179,101.42569505279297,24.639838532795892,985945947
sw,-56.5757331848144,-81.9349136352539,119.30282497412861,21.763064890626524,985962614
sw,-59.0083198547363,-82.3386535644531,126.44701678808475,18.115746463391776,985979281
sw,-61.2237548828125,-82.6156539916992,122.42206307511371,13.954651296659133,985995948
sw,-63.6370582580566,-82.7766418457031,108.7047300068153,9.692983075062688,986012615
sw,-65.5886077880859,-82.8914108276367,88.54308904315461,5.814887528022184,986029282
sw,-66.3866882324218,-82.9759140014648,66.34564930467138,2.7192575120568536,986045949
sw,-66.4117813110351,-82.9714736938476,46.71814502780042,0.5345705571894551,986062616
sw,-66.1761245727539,-82.8529357910156,33.4028077999887,-1.0348136218991277,986079283
sw,-66.1115951538086,-82.6170120239257,28.440934680033774,-2.7650685393424395,986095950
sw,-66.2354583740234,-82.3402938842773,31.821513809371183,-5.81930664184296,986112617
sw,-67.3116455078125,-82.2203979492187,41.707824982609125,-11.490131045888136,986129284
sw,-69.1398086547851,-82.2493133544921,55.12479567932302,-20.82753480386323,986145951
sw,-70.3469085693359,-82.0989303588867,68.83725774091886,-34.267232641572484,986162618
sw,-71.5114212036132,-81.5427474975586,80.1211025523891,-51.40582353368151,986179285
sw,-72.9665832519531,-80.3148880004882,87.22712886225632,-71.03499930880947,986195952
sw,-74.3047332763671,-78.4156494140625,89.49002999319478,-91.44912686382338,986212619
sw,-75.4417648315429,-75.7629013061523,87.15622540445939,-110.91986864366453,986229286
sw,-76.4092941284179,-72.9595947265625,81.05916212870501,-128.14855636002977,986245953
sw,-77.2864074707031,-70.3373947143554,72.2732017922393,-142.5100357027374,986262620
sw,-78.0871124267578,-67.7491989135742,61.84650941361246,-153.9977606357343,986279287
sw,-78.8022308349609,-65.1703109741211,50.661330442477684,-162.92343716900544,986295954
sw,-79.4183883666992,-62.7124290466308,39.41425772563982,-169.5386321041632,986312621
sw,-79.9413604736328,-60.0763244628906,28.67103314518297,-173.76971052775573,986329288
sw,-80.4224014282226,-57.0904235839843,18.940073523219993,-175.18311714063995,986345955
sw,-80.7692031860351,-54.072898864746,10.719661657793337,-173.17039495734844,986362622
sw,-80.8726272583007,-51.2304878234863,4.493230351360155,-167.23199305001447,986379289
sw,-80.782844543457,-48.7518005371093,0.6689104322560058,-157.2027850776283,986395956
sw,-80.585952758789,-46.671646118164,-0.5183235537448578,-143.31131888332857,986412623
sw,-80.4130249023437,-45.0053596496582,0.8940225656691785,-126.06224431813783,986429290
sw,-80.4027633666992,-43.7232513427734,4.536425726227134,-106.02212925884923,986445957
sw,-80.5994567871093,-42.7439155578613,9.71857437997882,-83.6324942326642,986462624
sw,-80.8904495239257,-41.9320640563964,15.520147430032194,-59.157264515430455,986479291
sw,-81.2360610961914,-41.4388542175293,20.94362424519211,-32.806913973160306,986495958
sw,-81.5994720458984,-41.4097900390625,25.090088529167488,-4.99841242035308,986512625
sw,-81.9374694824218,-41.7428970336914,27.31038771267672,23.355588849269154,986529292
sw,-82.242431640625,-42.4066925048828,27.29326935714019,50.659181712033984,986545959
sw,-82.4746780395507,-43.4575691223144,25.077151324093816,74.65800670226511,986562626
sw,-82.6094894409179,-44.8965263366699,21.00154869487327,92.73296883706386,986579293
sw,-82.6782608032226,-46.799690246582,15.631508990374476,102.44295221720932,986595960
sw,-82.7297210693359,-48.6987152099609,9.683090517086582,102.2113944477626,986612627
sw,-82.7348251342773,-50.8671951293945,3.9540698312649956,91.97699824645451,986629294
sw,-82.6696624755859,-53.0104103088378,-0.7599207759913772,73.58874806428288,986645961
sw,-82.5207595825195,-54.7474708557128,-3.786889902947746,50.74415984043735,986662628
sw,-82.3247604370117,-55.0718460083007,-4.736559821321872,28.36889337900771,986679295
sw,-82.1494979858398,-54.4989433288574,-3.657346802357414,11.516111047673567,986695962
sw,-82.0327987670898,-53.7468070983886,-1.1316036626933668,4.072927623211445,986712629
sw,-81.9109191894531,-53.0010032653808,1.7432493071643524,7.694775083185091,986729296
sw,-81.8162155151367,-53.035301208496,3.504271799131634,21.35492709409791,986745963
sw,-81.8311996459961,-54.4441947937011,2.5776077025925703,41.68851722088603,986762630
sw,-82.0322265625,-57.1985893249511,-2.415382263049619,64.01300689571534,986779297
sw,-82.3831787109375,-59.5685920715332,-12.362940838098144,83.65283057009259,986795964
sw,-82.719367980957,-61.0531616210937,-27.438576782662814,97.10723757367572,986812631
sw,-82.8253402709961,-62.5629158020019,-46.99722802641861,102.71915562794601,986829298
sw,-82.6515884399414,-64.2962799072265,-69.6212342787701,100.74597298265573,986845965
sw,-81.9979095458984,-66.0899810791015,-93.31682860030857,92.94873768573417,986862632
sw,-80.8552703857421,-67.6208343505859,-115.83341865169305,81.91081167330556,986879299
sw,-79.456314086914,-68.5774688720703,-135.05485541534986,70.29104992975957,986895966
sw,-77.4691162109375,-69.2374954223632,-149.39210212337704,60.179912282139234,986912633
sw,-74.4902038574218,-69.8283767700195,-158.08820385591721,52.692636735162964,986929300
sw,-71.453872680664,-70.5542755126953,-161.33846442758676,47.884641629627524,986945967
sw,-69.1790084838867,-71.5843276977539,-160.15578532464352,44.98952837161852,986962634
sw,-67.2880554199218,-72.6795654296875,-155.99191408635505,42.87469994822165,986979301
sw,-65.1667404174804,-73.6420745849609,-150.2339332061976,40.53305763809604,986995968
sw,-62.8426666259765,-74.2863006591796,-143.760709635604,37.42868873868593,987012635
sw,-60.4010314941406,-74.7067260742187,-136.7133735095067,33.59619198501262,987029302
sw,-57.8800354003906,-75.1593017578125,-128.5282409079045,29.511873651861745,987045969
sw,-55.7009239196777,-75.5725784301757,-118.17294942742525,25.84307622020996,987062636
sw,-53.9840927124023,-75.9981842041015,-104.4757732939682,23.19904286519585,987079303
sw,-52.5857887268066,-76.4125137329101,-86.4519702360378,21.964141237428862,987095970
sw,-51.5444412231445,-76.8814392089843,-63.57699530666392,22.23380990732519,987112637
sw,-50.9422378540039,-77.3899536132812,-35.994335563752166,23.829755700218524,987129304
sw,-51.019962310791,-77.9017562866211,-4.655897854423738,26.354567572416215,987145971
sw,-51.3659934997558,-78.3582687377929,28.619508124657163,29.252571944590848,987162638
sw,-51.9692306518554,-78.7833023071289,61.204146179827376,31.86418697921325,987179305
sw,-53.2291641235351,-79.2144012451171,89.8830662444316,33.4833257238882,987195972
sw,-54.983283996582,-79.7005462646484,111.2745906033006,33.438398810672616,987212639
sw,-57.0646591186523,-80.2318572998046,122.43450272936614,31.209302449031536,987229306
sw,-59.4392700195312,-80.7293930053711,121.5506322435184,26.56897492251573,987245973
sw,-61.5569381713867,-81.075927734375,108.56179578353478,19.71206771592309,987262640
sw,-63.4575729370117,-81.3259048461914,85.50407021125552,11.319648756786737,987279307
sw,-64.9040832519531,-81.467056274414,56.41816356000577,2.5148821611600747,987295974
sw,-65.6096496582031,-81.4602432250976,26.745196479397258,-5.311647668621373,987312641
sw,-64.971321105957,-81.3588256835937,2.2797372971503953,-10.793386403519813,987329308
sw,-64.2307891845703,-81.1018142700195,-12.095706900851757,-12.943674587102635,987345975
sw,-63.3952293395996,-80.8498077392578,-13.558801643716027,-11.490386116424801,987362642
sw,-62.6504096984863,-80.7207870483398,-2.033736044588712,-7.088503759797794,987379309
sw,-62.4039688110351,-80.6123886108398,19.813125606232312,-1.32392514283651,987395976
sw,-63.6449737548828,-80.533462524414,47.29136409455629,3.532723045010786,987412643
sw,-66.1964569091796,-80.5781936645507,74.91032515540816,4.9965069257578945,987429310
sw,-68.6829605102539,-80.7825393676757,97.72511538095607,0.9652779987688191,987445977
sw,-70.1079406738281,-80.9438858032226,112.38675082467562,-9.711532017436259,987462644
sw,-71.5625228881836,-80.7417755126953,117.62055568366355,-26.86764081684837,987479311
sw,-73.3888397216796,-79.8993377685546,114.10166224971,-48.99496230994178,987495978
sw,-75.0096664428711,-78.3827362060546,103.89962092749381,-73.59536512169169,987512645
sw,-76.1438751220703,-76.3261642456054,89.73728684121897,-97.81311720563657,987529312
sw,-76.9136886596679,-73.8022994995117,74.27872103527751,-119.14338796243678,987545979
sw,-77.4633712768554,-71.1970901489257,59.596862333772485,-135.9799754443019,987562646
sw,-77.9664840698242,-68.7391738891601,46.90546702304153,-147.82928323736905,987579313
sw,-78.5192337036132,-66.3216400146484,36.568145436796,-155.1525996718862,987595980
sw,-79.1559219360351,-63.9006614685058,28.325316617642734,-158.94505438525925,987612647
sw,-79.7997283935546,-61.483097076416,21.629365289892778,-160.2497146746163,987629314
sw,-80.2942123413086,-58.9018249511718,15.967017752536831,-159.79938030648495,987645981
sw,-80.5948333740234,-56.1321754455566,11.07520436725282,-157.88727650919458,987662648
sw,-80.6375045776367,-53.5381622314453,7.00641773856358,-154.44546106284835,987679315
sw,-80.5411987304687,-51.2134552001953,4.052105838473374,-149.22290516939475,987695982
sw,-80.2878265380859,-49.1564216613769,2.573015407841292,-141.94262575233657,987712649
sw,-80.0801544189453,-47.1538391113281,2.8058151448372493,-132.36793653714307,987729316
sw,-80.0093002319336,-45.3771286010742,4.714506055352111,-120.27772956160386,987745983
sw,-80.1348037719726,-44.0479583740234,7.936131134189476,-105.40224223572083,987762650
sw,-80.4282302856445,-43.0561828613281,11.838005166985075,-87.39316258202751,987779317
sw,-80.7707366943359,-42.2233505249023,15.665341094709298,-65.89639937192983,987795984
sw,-81.0997848510742,-41.5182418823242,18.72577413725989,-40.75952284539531,987812651
sw,-81.4073333740234,-41.3656539916992,20.544903080553837,-12.341549940165757,987829318
sw,-81.6780319213867,-41.5926284790039,20.941433629414945,18.17570450569566,987845985
sw,-81.8804702758789,-42.2066459655761,20.005407624409376,48.61337445606384,987862652
sw,-81.9952850341796,-43.2917213439941,18.00250893848809,75.88448324881303,987879319
sw,-82.0600433349609,-44.7364768981933,15.254865707939341,96.41238357023612,987895986
sw,-82.1051940917968,-46.5543975830078,12.052689395737174,106.85319329071613,987912653
sw,-82.1117858886718,-48.7162208557128,8.629554586677058,104.99139506066987,987929320
sw,-82.0951309204101,-51.0068626403808,5.197596980778225,90.58206330272476,987945987
sw,-82.0659561157226,-53.1897811889648,2.0065555158082438,65.85870021903243,987962654
sw,-81.9902648925781,-54.906997680664,-0.621326522818183,35.451353753605815,987979321
sw,-81.8979263305664,-54.4588546752929,-2.3164878676964054,5.597061634551382,987995988
sw,-81.8101043701171,-53.2896881103515,-2.7560789660104508,-17.237258103368696,988012655
sw,-81.7066116333007,-52.025161743164,-1.806300838534018,-27.947285549595712,988029322
sw,-81.5521545410156,-51.0156822204589,0.3294286269516213,-24.096856254673206,988045989
sw,-81.3347396850586,-50.8205223083496,3.009968504855661,-6.511857221970693,988062656
sw,-81.2214584350586,-51.5677146911621,5.155000067536227,21.014665894370243,988079323
sw,-81.3299865722656,-53.381492614746,5.374079389112877,52.78675013742619,988095990
sw,-81.6519775390625,-55.8460693359375,2.218663425116916,82.68887660966321,988112657
sw,-82.1842269897461,-58.5163841247558,-5.4956976595948275,105.639879606532,988129324
sw,-82.7688827514648,-60.5185089111328,-18.379026704288062,118.62201602176039,988145991
sw,-83.1693878173828,-62.3946342468261,-36.250873302925015,121.06442208293593,988162658
sw,-83.288818359375,-64.3847503662109,-58.07779237143332,114.57973592695245,988179325
sw,-82.9168472290039,-66.2319793701171,-82.08870540924666,102.22801303160625,988195992
sw,-81.9658889770507,-67.7381591796875,-106.05404269605069,87.56360556909131,988212659
sw,-80.611587524414,-68.6914367675781,-127.67809547468563,73.7190452147486,988229326
sw,-78.6591720581054,-69.3596954345703,-145.0246469410247,62.73329357391061,988245993
sw,-75.8048858642578,-69.9973602294921,-156.87685200865192,55.261912985656785,988262660
sw,-72.6863021850586,-70.7988357543945,-162.92869732543352,50.712836315974414,988279327
sw,-70.0653610229492,-72.0137710571289,-163.73222457345318,47.73512801389385,988295994
sw,-68.1013946533203,-73.295669555664,-160.39737487273862,44.87595150474753,988312661
sw,-66.013916015625,-74.2523574829101,-154.14405228065274,41.16187777161159,988329328
sw,-63.7730674743652,-74.8491821289062,-145.88026541905083,36.39758361019935,988345995
sw,-61.4602432250976,-75.1246032714843,-135.96840909658764,31.105339966769293,988362662
sw,-59.0063591003418,-75.3445587158203,-124.245544562679,26.189250010452263,988379329
sw,-56.8366394042968,-75.6660537719726,-110.24505963215834,22.511585106892394,988395996
sw,-55.1147079467773,-76.0384979248046,-93.49468176578173,20.567155485388792,988412663
sw,-53.8959083557128,-76.4198608398437,-73.76705285667536,20.357638154771355,988429330
sw,-53.1067771911621,-76.9677200317382,-51.21509407800347,21.4634124981974,988445997
sw,-52.7285652160644,-77.5803146362304,-26.393050180813972,23.23669581878606,988462664
sw,-52.8790473937988,-78.1259002685546,-0.20964434080646382,25.014264247694552,988479331
sw,-53.6387367248535,-78.4987640380859,26.130477390580253,26.26630445729448,988495998
sw,-54.4597244262695,-78.7787094116211,51.16192070836676,26.64598244617305,988512665
sw,-55.2577209472656,-79.0429458618164,73.17766110051883,25.959417953054082,988529332
sw,-56.2581176757812,-79.359375,90.2879545747157,24.111096234811566,988545999
sw,-57.7559242248535,-79.7255325317382,100.59970969591696,21.079501997547332,988562666
sw,-59.5560188293457,-80.1007995605468,102.56617426856343,16.947184818072017,988579333
sw,-61.4743118286132,-80.4028167724609,95.4693713155845,11.968927366409355,988596000
sw,-63.1664085388183,-80.6133117675781,79.89597824856403,6.632159280337098,988612667
sw,-64.9038162231445,-80.7792510986328,58.00837124509522,1.656512672454986,988629334
sw,-65.9349594116211,-80.8924789428711,33.43234760525629,-2.105310317254237,988646001
sw,-65.908088684082,-80.892822265625,10.686072359818915,-3.871330463712517,988662668
sw,-65.0849151611328,-80.7684326171875,-5.763523875623566,-3.2037047180145874,988679335
sw,-64.3066635131836,-80.5174560546875,-12.567689900721618,-0.2760135998310232,988696002
sw,-63.5404052734375,-80.3178558349609,-8.350739709902186,3.9668650658837623,988712669
sw,-63.0291175842285,-80.309814453125,5.939013795215673,7.849933454126462,988729336
sw,-63.5590171813964,-80.4796371459961,27.311506643276424,9.253162823125281,988746003
sw,-65.4445266723632,-80.7048110961914,51.56060374399292,6.099761708237107,988762670
sw,-67.6744995117187,-80.8941192626953,74.3507983716335,-3.07861657056065,988779337
sw,-69.2837905883789,-80.8468933105468,92.19869107451656,-18.676054285187966,988796004
sw,-70.6121139526367,-80.2820205688476,103.0570239204279,-39.81093304226438,988812671
sw,-72.0338134765625,-79.0851440429687,106.40525424464464,-64.47754296240655,988829338
sw,-73.422866821289,-77.2838668823242,102.9532251070133,-90.02049604619299,988846005
sw,-74.7036666870117,-74.8008346557617,94.16681039093639,-113.7838654623271,988862672
sw,-75.8575057983398,-72.0160980224609,81.80783897785966,-133.71889691239915,988879339
sw,-76.9784317016601,-69.2480239868164,67.59828458983813,-148.74835105335615,988896006
sw,-77.87109375,-66.6683120727539,53.030845888706814,-158.7826671175449,988912673
sw,-78.3749160766601,-64.2625427246093,39.290175069137184,-164.42595639248552,988929340
sw,-78.7381362915039,-61.8791580200195,27.23397405937961,-166.5328475662451,988946007
sw,-79.1339111328125,-59.2887077331543,17.401586631878256,-165.8179358509222,988962674
sw,-79.6118698120117,-56.39892578125,10.041898804158265,-162.65830714621077,988979341
sw,-79.8042831420898,-53.6777801513671,5.159527398788123,-157.10720206848728,988996008
sw,-79.750747680664,-51.3173294067382,2.5708972420567813,-149.0308066382385,989012675
sw,-79.5936126708984,-49.3156013488769,1.957325231047485,-138.25031269767078,989029342
sw,-79.4660110473632,-47.6077766418457,2.9082810351263335,-124.61853630521874,989046009
sw,-79.4499359130859,-46.1198348999023,4.957557665464065,-108.03463995262665,989062676
sw,-79.5785140991211,-44.8974456787109,7.620453493442688,-88.44852432256519,989079343
sw,-79.8146057128906,-44.0550079345703,10.439969487992297,-65.90855483500155,989096010
sw,-80.1076126098632,-43.5673828125,13.044655974412077,-40.67566103941887,989112677
sw,-80.4563064575195,-43.3763923645019,15.209331395358191,-13.38645406888877,989129344
sw,-80.7832870483398,-43.7464714050293,16.895698799071685,14.786094044882745,989146011
sw,-81.0276718139648,-44.4722061157226,18.243274403029712,42.0455205320075,989162678
sw,-81.2007904052734,-45.386116027832,19.493060792494163,66.03029392032279,989179345
sw,-81.3557739257812,-46.6265106201171,20.856996246155056,84.06960150211086,989196012
sw,-81.4997329711914,-48.2442779541015,22.379910439115665,93.64445030112412,989212679
sw,-81.6589889526367,-50.1757354736328,23.85639602651282,92.99370418330946,989229346
sw,-81.8906326293945,-52.0281105041503,24.85083650738362,81.72570413969518,989246013
sw,-82.1807174682617,-53.4488792419433,24.82897472627669,61.24212399842664,989262680
sw,-82.4452667236328,-54.4482078552246,23.360576017449407,34.79042670463434,989279347
sw,-82.6364669799804,-54.9422149658203,20.316503966309853,7.046073474344659,989296014
sw,-82.728889465332,-54.3330497741699,15.976995889905883,-16.73844916133152,989312681
sw,-82.7216644287109,-53.2825469970703,10.995043309382538,-31.83604779519863,989329348
sw,-82.6464385986328,-52.1694068908691,6.208646813055116,-35.111740586589,989346015
sw,-82.4720687866211,-51.5101737976074,2.3498253569692427,-25.74787113852568,989362682
sw,-82.1697540283203,-51.5864562988281,-0.2609011562416031,-5.412819863353048,989379349
sw,-81.8463058471679,-52.2883758544921,-1.9309741984497695,22.171430869379538,989396016
sw,-81.7035598754882,-53.6695938110351,-3.6371064876953945,52.128465380016344,989412683
sw,-81.8801116943359,-55.6352767944335,-6.852975123391765,79.53690548659252,989429350
sw,-82.3636245727539,-58.0652160644531,-13.190444723628424,100.45753896355296,989446017
sw,-82.9964981079101,-60.235855102539,-23.944643580904884,112.63101867733704,989462684
sw,-83.4463272094726,-62.0212211608886,-39.67127682904868,115.70694283302339,989479351
sw,-83.5172653198242,-63.7592506408691,-59.922251086613244,111.00458683677441,989496018
sw,-83.0712509155273,-65.4501876831054,-83.22366598174995,100.93194268060391,989512685
sw,-81.9265899658203,-66.9127655029296,-107.31479922813115,88.26025541169669,989529352
sw,-80.2919006347656,-68.0994033813476,-129.59916260798127,75.45241813502403,989546019
sw,-78.1098556518554,-68.9753341674804,-147.70353366205075,64.19530718903061,989562686
sw,-75.1333694458007,-69.7147979736328,-160.0041319117273,55.216987476834085,989579353
sw,-71.790771484375,-70.4219665527343,-165.96775011045915,48.39552889634568,989596020
sw,-68.958023071289,-71.4053497314453,-166.18619100941373,43.0921741991611,989612687
sw,-66.9619827270507,-72.4207763671875,-162.0709290298118,38.577736463206506,989629354
sw,-65.0453948974609,-73.1966018676757,-155.3054858103515,34.39118562971717,989646021
sw,-62.8369560241699,-73.7229919433593,-147.2608893991035,30.49998319183286,989662688
sw,-60.5491294860839,-74.0188064575195,-138.5921186174946,27.22366686304162,989679355
sw,-58.0843658447265,-74.2336349487304,-129.1380708105262,24.993397084863247,989696022
sw,-55.6438293457031,-74.6068344116211,-118.10688654620674,24.08789909856448,989712689
sw,-53.6619300842285,-75.0945587158203,-104.42513318279525,24.474412677894257,989729356
sw,-52.292869567871,-75.6000595092773,-87.10703188453898,25.809144001254882,989746023
sw,-51.3453941345214,-76.1486740112304,-65.54770751985596,27.567240154926385,989762690
sw,-50.743911743164,-76.7560806274414,-39.71598104998162,29.222136083401068,989779357
sw,-50.6871223449707,-77.3182144165039,-10.269059202511746,30.390630144808092,989796024
sw,-51.1601066589355,-77.7946090698242,21.387037726383845,30.89035058419431,989812691
sw,-51.7411346435546,-78.1781234741211,53.09968683350492,30.701137734329027,989829358
sw,-52.4922943115234,-78.4945831298828,82.08282112942919,29.864220767531084,989846025
sw,-53.873607635498,-78.8208312988281,105.20861865528703,28.378157125886048,989862692
sw,-55.8528747558593,-79.2039337158203,119.51579479071711,26.148821729627336,989879359
sw,-58.7184333801269,-79.6127090454101,122.88393892358039,23.023523059062178,989896026
sw,-61.074951171875,-79.9659271240234,114.70914513882856,18.899208224015155,989912693
sw,-62.9820213317871,-80.2979965209961,96.34650148206102,13.85895146873285,989929360
sw,-64.4131164550781,-80.6139984130859,71.11465378126984,8.272225462828551,989946027
sw,-65.3149490356445,-80.8721313476562,43.780749233726866,2.7973810082520996,989962694
sw,-65.4192810058593,-80.9913024902343,19.605705022163068,-1.750673163065889,989979361
sw,-64.7682571411132,-80.872817993164,3.1734249355085993,-4.659956541067169,989996028
sw,-64.1840133666992,-80.5182418823242,-2.683634927865538,-5.643327399477955,990012695
sw,-63.3409080505371,-80.1353073120117,2.4554853331154605,-5.1084444218269,990029362
sw,-63.0950469970703,-79.8624572753906,16.576029000750175,-4.247836835999886,990046029
sw,-64.3980941772461,-79.7305374145507,35.87135895099834,-4.863964554653552,990062696
sw,-66.7946243286132,-79.7011489868164,55.856987881097446,-8.93708957080175,990079363
sw,-68.6180114746093,-79.7084350585937,72.57807826564347,-18.05130890956231,990096030
sw,-69.711067199707,-79.430549621582,83.5059408986309,-32.86825866201951,990112697
sw,-70.8526763916015,-78.5790252685546,87.87352685828371,-52.84163640103319,990129364
sw,-72.1956024169921,-77.1733703613281,86.44758842540858,-76.28967268029844,990146031
sw,-73.2920761108398,-75.1022033691406,80.93147579021493,-100.8125667931979,990162698
sw,-74.0377197265625,-72.350471496582,73.2606913352856,-123.90981574842884,990179365
sw,-74.6373596191406,-69.374038696289,65.01812167507272,-143.57492990770163,990196032
sw,-75.4630050659179,-66.4521026611328,57.112185556652406,-158.6587949980609,990212699
sw,-76.4161682128906,-63.67431640625,49.75861291615184,-168.89644921107538,990229366
sw,-77.1467132568359,-61.0075912475585,42.70525127458231,-174.63988645983872,990246033
sw,-77.8745880126953,-58.6371765136718,35.571465199149536,-176.45948640485236,990262700
sw,-78.6915893554687,-55.9671669006347,28.16332157196169,-174.80908868682607,990279367
sw,-79.3654022216796,-52.9919090270996,20.663090032607823,-169.8827967641661,990296034
sw,-79.6114120483398,-50.271183013916,13.646978148580489,-161.66949478305548,990312701
sw,-79.4468383789062,-47.9621086120605,7.93930675230989,-150.1091560293847,990329368
sw,-79.1638793945312,-46.1191673278808,4.358895092406765,-135.23065801595936,990346035
sw,-78.9695968627929,-44.5483970642089,3.4453800514542956,-117.20260922670005,990362702
sw,-78.8746871948242,-43.3309669494628,5.256779537252801,-96.30535878038107,990379369
sw,-78.9571456909179,-42.5546112060546,9.30342303597422,-72.8823578761875,990396036
sw,-79.2784271240234,-42.0424270629882,14.640013929539649,-47.33528968851859,990412703
sw,-79.8016128540039,-42.0040168762207,20.0906275315967,-20.200306786743873,990429370
sw,-80.4032135009765,-42.2305564880371,24.539663842569624,7.701332664208767,990446037
sw,-80.9321975708007,-42.8184471130371,27.19647255550217,35.091896710015774,990462704
sw,-81.3593215942382,-43.7038192749023,27.747496624314465,60.1347598295221,990479371
sw,-81.6780090332031,-44.7604026794433,26.352066693522612,80.50111031214719,990496038
sw,-81.8855285644531,-46.2598915100097,23.499703867289373,93.67782248679731,990512705
sw,-82.0152435302734,-48.2548065185546,19.79808885543945,97.5156043444413,990529372
sw,-82.1382751464843,-50.2994537353515,15.778617786417323,90.91069546024325,990546039
sw,-82.2496719360351,-52.2023468017578,11.786574604928775,74.41355358697818,990562706
sw,-82.3095397949218,-53.740249633789,7.978658245937928,50.51856802247139,990579373
sw,-82.3243560791015,-54.7702445983886,4.403234809553581,23.447090407185794,990596040
sw,-82.3059387207031,-54.2467460632324,1.1068772401695237,-1.6126139869385807,990612707
sw,-82.2317657470703,-53.1208457946777,-1.7966130187697402,-19.646981997681696,990629374
sw,-82.1061630249023,-52.0382003784179,-4.141833649107435,-27.012282962796714,990646041
sw,-81.9153900146484,-51.2754020690918,-5.823918683718769,-22.304479247390727,990662708
sw,-81.5829620361328,-51.1841201782226,-6.9745441269830195,-6.627920276982253,990679375
sw,-81.1712951660156,-51.8531455993652,-8.12968176584118,16.802039209286185,990696042
sw,-80.8845443725586,-53.5476455688476,-10.299450752768282,43.56473928454095,990712709
sw,-80.8423690795898,-55.7484703063964,-14.86802248299786,69.13995784893528,990729376
sw,-81.0932540893554,-57.8286323547363,-23.305245804416536,89.87186332892303,990746043
sw,-81.4293899536132,-59.299690246582,-36.74485678205692,103.54055566805607,990762710
sw,-81.6219482421875,-60.6015167236328,-55.547806453456346,109.46876373439017,990779377
sw,-81.3904342651367,-62.2379264831543,-78.99647214176039,108.2707430844009,990796044
sw,-80.4069519042968,-64.1641998291015,-105.24353221227572,101.43972941103193,990812711
sw,-78.8290786743164,-66.3471603393554,-131.57207402526183,90.93794535280806,990829378
sw,-76.482177734375,-68.281982421875,-154.92862207540446,78.85087093862728,990846045
sw,-73.2619094848632,-69.2835235595703,-172.59478764452632,67.08575838884138,990862712
sw,-69.6923522949218,-69.6290130615234,-182.79800292572855,57.091560802860606,990879379
sw,-66.3192062377929,-69.9140472412109,-185.0600726524308,49.63752349910426,990896046
sw,-63.7446479797363,-70.6029434204101,-180.1635903731169,44.736841570131176,990912713
sw,-61.7158813476562,-71.3617858886718,-169.76164695536784,41.77666808430294,990929380
sw,-59.5169525146484,-72.3303680419921,-155.7981730834884,39.824862078858835,990946047
sw,-56.9099197387695,-73.2185134887695,-139.96338855191567,37.99716712730931,990962714
sw,-54.3758811950683,-74.0454559326171,-123.35011334537208,35.74811539415551,990979381
sw,-52.5564804077148,-74.7110519409179,-106.35324543698805,32.998756311700184,990996048
sw,-51.0223960876464,-75.0036239624023,-88.75655170531836,30.091933371033686,991012715
sw,-49.8513298034668,-75.3550415039062,-69.92694658607581,27.626401877418555,991029382
sw,-49.1132354736328,-75.8340988159179,-49.06433733647995,26.244275486441968,991046049
sw,-48.7429237365722,-76.409683227539,-25.48486231722223,26.43538374176533,991062716
sw,-48.7427635192871,-76.9715347290039,1.0797439848639985,28.39375822360925,991079383
sw,-49.3381233215332,-77.4951782226562,30.201124610641216,31.936383965166755,991096050
sw,-50.1257591247558,-78.0123062133789,60.55259157661149,36.48571176116522,991112717
sw,-50.9664039611816,-78.5391159057617,89.87080895102547,41.1220593297862,991129384
sw,-52.2858085632324,-79.1089706420898,115.167978549444,44.71499899546973,991146051
sw,-54.6642303466796,-79.8072891235351,133.24047081082628,46.13119671656434,991162718
sw,-57.6561698913574,-80.58349609375,141.4196650941608,44.48896553086229,991179385
sw,-60.6916694641113,-81.2688674926757,138.3792606194564,39.39888770281887,991196052
sw,-63.470115661621,-81.7217025756836,124.72424659609709,31.113758608876907,991212719
sw,-65.4783096313476,-81.9906997680664,103.10930782230794,20.523991788243816,991229386
sw,-66.4876708984375,-82.1550979614257,77.77716203048905,8.97585804158827,991246053
sw,-66.9871826171875,-82.1665725708007,53.61213032074109,-2.056131684261822,991262720
sw,-66.7552185058593,-81.9899215698242,34.98417605344797,-11.36402725324327,991279387
sw,-66.3581771850586,-81.681526184082,24.74085201021104,-18.361815039781813,991296054
sw,-66.3504867553711,-81.2277908325195,23.65686352895242,-23.292962119761956,991312721
sw,-67.3477020263671,-80.7819442749023,30.488039102502302,-27.210371612881726,991329388
sw,-69.1015701293945,-80.344123840332,42.55662276810365,-31.708057502031238,991346055
sw,-70.3034973144531,-80.0011367797851,56.61041330360281,-38.46277671511755,991362722
sw,-71.2748870849609,-79.5521163940429,69.63891722986011,-48.71806859635877,991379389
sw,-72.4736938476562,-78.6819992065429,79.41731416961095,-62.87930403361718,991396056
sw,-73.7530212402343,-77.2718734741211,84.71195128520617,-80.36061368491914,991412723
sw,-74.9144973754882,-75.268081665039,85.21533067104305,-99.73460055859128,991429390
sw,-76.0073699951171,-72.7402191162109,81.33270536524411,-119.11973548460621,991446057
sw,-77.0246658325195,-70.0236587524414,73.9310207086839,-136.65253992565516,991462724
sw,-78.0471115112304,-67.2408828735351,64.11890675466245,-150.87380632484636,991479391
sw,-78.9059448242187,-64.3886413574218,53.07941218156105,-160.91577048915238,991496058
sw,-79.4508514404296,-61.7279434204101,41.944050106736384,-166.4774925439443,991512725
sw,-79.7362213134765,-59.3786659240722,31.689958631700943,-167.66650629743432,991529392
sw,-80.0480422973632,-56.7493324279785,23.057068037704287,-164.821743407985,991546059
sw,-80.4696655273437,-53.9006576538085,16.49744550654547,-158.40092756633635,991562726
sw,-80.6378936767578,-51.4246673583984,12.165999334926019,-148.94041148809364,991579393
sw,-80.5475311279296,-49.3715744018554,9.945289537112794,-137.03259080325864,991596060
sw,-80.3712081909179,-47.681411743164,9.487872280092429,-123.26155557905402,991612727
sw,-80.2428894042968,-46.2471046447753,10.267370535325897,-108.08714026735504,991629394
sw,-80.2993927001953,-45.0119857788085,11.643783068025888,-91.72445258644858,991646061
sw,-80.5475311279296,-44.130199432373,12.953127949758358,-74.08925669684314,991662728
sw,-80.8426437377929,-43.5104026794433,13.620171779092265,-54.862712945176675,991679395
sw,-81.0868988037109,-43.1754035949707,13.27265313919468,-33.688359591203714,991696062
sw,-81.2574691772461,-43.1133346557617,11.820441973573491,-10.467244814010808,991712729
sw,-81.3475570678711,-43.4438858032226,9.465844219285913,14.324661041324605,991729396
sw,-81.3759155273437,-44.0254821777343,6.633688336857403,39.40004897372898,991746063
sw,-81.3672561645507,-44.8032760620117,3.841902237103433,62.61300496425878,991762730
sw,-81.3656692504882,-45.9449501037597,1.5588055674968073,81.18448342977062,991779397
sw,-81.385139465332,-47.5500984191894,0.09859868132367777,92.22390027984444,991796064
sw,-81.4509811401367,-49.5429763793945,-0.4122325554061879,93.47519407104961,991812731
sw,-81.5625305175781,-51.471508026123,0.0011576132540038267,84.10784728023341,991829398
sw,-81.651252746582,-53.180435180664,1.2345185835509853,65.29854014857438,991846065
sw,-81.6802749633789,-54.8416366577148,3.1668698771810684,40.354443198236446,991862732
sw,-81.7251510620117,-55.1778945922851,5.6773003103762925,14.234224843074285,991879399
sw,-81.7767028808593,-54.3967857360839,8.608363224870178,-7.490538198654493,991896066
sw,-81.7945785522461,-53.2226676940918,11.695110264473655,-19.978311595892045,991912733
sw,-81.7991027832031,-52.1256828308105,14.492543025322567,-20.359819769606066,991929400
sw,-81.8286056518554,-51.7235679626464,16.33429938039348,-8.47249881729979,991946067
sw,-81.8408660888671,-52.1107444763183,16.34821701607333,13.155479195466489,991962734
sw,-81.8979721069336,-53.6188316345214,13.544330780414265,40.05380096664759,991979401
sw,-82.1054458618164,-55.9979629516601,6.976390424503398,67.02804319920067,991996068
sw,-82.5062179565429,-58.2363739013671,-4.043762370517119,89.4469743956489,992012735
sw,-82.9907531738281,-59.9523010253906,-19.725050030418558,104.21682498867084,992029402
sw,-83.3220138549804,-61.7172126770019,-39.63231728798088,110.21627053399678,992046069
sw,-83.3686294555664,-63.6030654907226,-62.6374081103233,108.17760122884974,992062736
sw,-82.8873519897461,-65.4317474365234,-87.02029142552031,100.16336631535754,992079403
sw,-81.7493133544921,-67.0358734130859,-110.71607572534943,88.85099440406962,992096070
sw,-80.2487335205078,-68.2390899658203,-131.66535039512345,76.82175269744046,992112737
sw,-78.2449340820312,-69.0540695190429,-148.19562191485724,66.0046162819867,992129404
sw,-75.3290557861328,-69.7306594848632,-159.3429040984549,57.37688584290829,992146071
sw,-72.0871810913086,-70.4285659790039,-165.0167014589401,50.9673118091148,992162738
sw,-69.4629516601562,-71.476089477539,-165.93243164275296,46.133183079950264,992179405
sw,-67.4318389892578,-72.5328063964843,-163.3020229419749,41.99907668653619,992196072
sw,-65.2549896240234,-73.4596405029296,-158.3753357115809,37.886771465432695,992212739
sw,-62.9201049804687,-74.1122055053711,-152.00336592008142,33.57394102144256,992229406
sw,-60.3950958251953,-74.469970703125,-144.38695104258133,29.30342440828601,992246073
sw,-57.706199645996,-74.7821426391601,-135.0814106209725,25.58408315786479,992262740
sw,-55.3838958740234,-75.1037979125976,-123.21212790468037,22.910596648979006,992279407
sw,-53.5370025634765,-75.5075073242187,-107.78882500638342,21.539370965821572,992296074
sw,-52.1906356811523,-75.9244384765625,-88.01221941740074,21.40091699825621,992312741
sw,-51.2322006225585,-76.4541091918945,-63.51931885350514,22.151153802774413,992329408
sw,-50.6897468566894,-77.0448760986328,-34.564446512900204,23.306815113959374,992346075
sw,-50.7365226745605,-77.5674819946289,-2.149502224222598,24.39035443671101,992362742
sw,-51.2422332763671,-77.9617309570312,31.901563845738302,25.02480915518475,992379409
sw,-51.9839744567871,-78.2759323120117,64.9626747401691,24.95689306345576,992396076
sw,-52.9884300231933,-78.5707473754882,93.78463360444097,24.028425275513836,992412743
sw,-54.5493049621582,-78.8887100219726,114.89500721464215,22.14124768615933,992429410
sw,-56.7504119873046,-79.2280120849609,125.2292562933992,19.25721125680168,992446077
sw,-59.6470870971679,-79.5798721313476,122.90280495359617,15.447108343086494,992462744
sw,-61.9136848449707,-79.8606338500976,107.92259837198198,10.966913529179697,992479411
sw,-63.5730743408203,-80.1110153198242,82.5824057761213,6.313854892361935,992496078
sw,-64.862564086914,-80.3679428100586,51.33567480200495,2.209528324198944,992512745
sw,-65.6126098632812,-80.4724884033203,20.080978197228326,-0.5248587451722254,992529412
sw,-64.8648223876953,-80.3918685913086,-5.025979896554694,-1.1983683346856655,992546079
sw,-63.5818634033203,-80.2185363769531,-18.956487394689802,0.46573308543445346,992562746
sw,-62.6007080078125,-80.0264434814453,-19.010388309443883,4.084900342257224,992579413
sw,-61.9261436462402,-80.0003890991211,-5.466972713162138,8.517211330407212,992596080
sw,-61.8028106689453,-80.135383605957,18.53625251423923,11.98208046496374,992612747
sw,-63.2367057800293,-80.367446899414,47.87534973346451,12.408501051461748,992629414
sw,-65.8402709960937,-80.6103744506836,76.79062729794026,7.934087677687397,992646081
sw,-68.2561645507812,-80.7425460815429,100.28444364553019,-2.586763179131443,992662748
sw,-69.7565994262695,-80.4992446899414,115.13890284229498,-19.226864219740765,992679415
sw,-71.2243423461914,-79.6829071044921,120.30495247458491,-40.906285365944214,992696082
sw,-73.0045394897461,-78.3297348022461,116.67487391256469,-65.62629848711804,992712749
sw,-74.5948715209961,-76.3797454833984,106.44812822934976,-90.94861838896695,992729416
sw,-75.6651458740234,-73.8606719970703,92.35819402160911,-114.56434879852516,992746083
sw,-76.4694900512695,-71.1543807983398,76.97966446258597,-134.76491138103032,992762750
sw,-77.1875686645507,-68.529312133789,62.25314253709152,-150.6670624146314,992779417
sw,-77.8632049560546,-65.9572067260742,49.28527101513686,-162.14554980203798,992796084
sw,-78.5064544677734,-63.5300369262695,38.40633630176607,-169.54875524338914,992812751
sw,-79.2269821166992,-61.1589813232421,29.407764910595628,-173.35579962305283,992829418
sw,-79.965950012207,-58.4020195007324,21.852392520769683,-173.9338150637252,992846085
sw,-80.4357681274414,-55.3684005737304,15.355474303719953,-171.47246830685867,992862752
sw,-80.581802368164,-52.6573638916015,9.764658112492604,-166.06040895540508,992879419
sw,-80.486572265625,-50.3067970275878,5.209723742852861,-157.79623060656053,992896086
sw,-80.3410949707031,-48.2059783935546,2.0342142989972976,-146.83509508556847,992912753
sw,-80.2180557250976,-46.3746261596679,0.6484779512388867,-133.34120510466138,992929420
sw,-80.1527023315429,-44.8175773620605,1.353385123435715,-117.38948698627259,992946087
sw,-80.1851654052734,-43.5551071166992,4.183422701113403,-98.89505964617547,992962754
sw,-80.3777236938476,-42.5463981628418,8.813542842957235,-77.63987100907663,992979421
sw,-80.6873626708984,-41.7997970581054,14.562102168057752,-53.426638767281965,992996088
sw,-81.0909271240234,-41.4899215698242,20.495920440756038,-26.3383747609611,993012755
sw,-81.4983444213867,-41.6045188903808,25.608558779014405,2.9667450162749707,993029422
sw,-81.8804016113281,-42.0402374267578,29.017619794803068,33.0272696056595,993046089
sw,-82.2592010498046,-42.7849197387695,30.126325745945646,61.52631464886712,993062756
sw,-82.6109848022461,-43.9984130859375,28.716961514197514,85.50191620808533,993079423
sw,-82.8886489868164,-45.7013854980468,24.97241585929582,101.84892170787427,993096090
sw,-83.1083297729492,-47.834186553955,19.439908395193317,108.0501426041458,993112757
sw,-83.2892532348632,-50.0906219482421,12.95183111070467,102.96970918261961,993129424
sw,-83.3482513427734,-52.5796775817871,6.508648658004775,87.4632893404184,993146091
sw,-83.229377746582,-54.5408477783203,1.1214502940844036,64.55160103613021,993162758
sw,-83.0224533081054,-55.2297058105468,-2.3809452311282686,38.994024574204424,993179425
sw,-82.8213806152343,-54.9223251342773,-3.5532176706523058,16.284770480888117,993196092
sw,-82.7268447875976,-54.11181640625,-2.493683787002422,1.3204006766794554,993212759
sw,-82.702033996582,-53.2487449645996,0.08998789815377867,-2.847820587341663,993229426
sw,-82.6627578735351,-52.8296661376953,2.942841906835541,4.244321045059514,993246093
sw,-82.630744934082,-53.5056762695312,4.453227436778363,20.48932083734453,993262760
sw,-82.6992950439453,-55.7325630187988,2.9426352138994196,41.95308283057788,993279427
sw,-82.9787063598632,-58.1466255187988,-2.996427463435555,64.05501237847184,993296094
sw,-83.4279479980468,-59.4651222229003,-14.181877517264114,82.75302172942055,993312761
sw,-83.860237121582,-60.7466163635253,-30.617394417410253,95.36597537815219,993329428
sw,-83.9401626586914,-62.3514785766601,-51.422983913947334,100.87806625040336,993346095
sw,-83.5868377685546,-64.3545913696289,-74.94428822105581,99.78803510152699,993362762
sw,-82.6380081176757,-66.3818893432617,-99.01764629993829,93.6723765559822,993379429
sw,-81.2496261596679,-67.9219589233398,-121.3357937086678,84.62452520272221,993396096
sw,-79.5291290283203,-68.872085571289,-139.84814960735028,74.69085373043652,993412763
sw,-77.0808944702148,-69.5708618164062,-153.12611786658144,65.40716676745377,993429430
sw,-73.8762588500976,-70.2460479736328,-160.6144468640458,57.536208042540636,993446097
sw,-70.8794021606445,-71.1572875976562,-162.6852955182161,51.07358315929454,993462764
sw,-68.8430862426757,-72.2521362304687,-160.44512384045066,45.50723786744628,993479431
sw,-66.9857330322265,-73.4083099365234,-155.33192634509706,40.215275482691126,993496098
sw,-64.6865615844726,-74.2441101074218,-148.64060419353908,34.827916282202736,993512765
sw,-62.2194709777832,-74.6560745239257,-141.15073740250045,29.404456840239323,993529432
sw,-59.691593170166,-74.9458389282226,-132.96993584310306,24.376347246722993,993546099
sw,-57.3919639587402,-75.1620864868164,-123.59643739755357,20.324144890304353,993562766
sw,-55.5740585327148,-75.3786163330078,-112.12677612902192,17.721364376524864,993579433
sw,-54.0825157165527,-75.7573547363281,-97.52412261683851,16.7639984423464,993596100
sw,-52.736083984375,-76.2567596435546,-78.89588770006173,17.335165128223395,993612767
sw,-51.7255783081054,-76.7673416137695,-55.75959890713759,19.079318314676772,993629434
sw,-51.2048263549804,-77.2030029296875,-28.279671037334854,21.519127593538908,993646101
sw,-51.3052139282226,-77.5606460571289,2.5571216485480592,24.152517679466232,993662768
sw,-51.7810554504394,-77.8981704711914,34.87288006694774,26.503079944702918,993679435
sw,-52.5214118957519,-78.2894897460937,65.98448544493036,28.136572831687324,993696102
sw,-53.6968078613281,-78.7162551879882,92.6836938929612,28.67655876699606,993712769
sw,-55.4397430419921,-79.1624298095703,111.72446212495167,27.846405760871864,993729436
sw,-57.6859016418457,-79.68359375,120.47444636726064,25.540931244935805,993746103
sw,-60.1827316284179,-80.1818771362304,117.60806399890724,21.903252206650155,993762770
sw,-62.0452613830566,-80.5811157226562,103.65097927805097,17.364333393969314,993779437
sw,-63.9381599426269,-80.9003524780273,81.17449302076028,12.603476624397274,993796104
sw,-65.2957153320312,-81.0794982910156,54.502737427852445,8.409864542460038,993812771
sw,-65.6474456787109,-81.0928573608398,28.9223815007377,5.461689925718758,993829438
sw,-64.8517761230468,-81.0821228027343,9.542972155746273,4.0770926948027375,993846105
sw,-63.9613952636718,-81.0557022094726,0.10203312071312642,4.01545556968847,993862772
sw,-63.267593383789,-80.966194152832,2.0785414910672495,4.4078855934616925,993879439
sw,-62.9831199645996,-80.9081954956054,14.413352294531524,3.8687198933878335,993896106
sw,-64.1305236816406,-80.9371795654296,33.9359011755725,0.7900162835211866,993912773
sw,-66.3270416259765,-81.0117874145507,56.33925947692094,-6.2411379374125,993929440
sw,-68.0889892578125,-81.0273208618164,77.34738482900342,-18.01892939248485,993946107
sw,-69.3478469848632,-80.697769165039,93.67852386499965,-34.43056368669378,993962774
sw,-70.7797317504882,-79.8052062988281,103.54500312559259,-54.418353495456145,993979441
sw,-72.4613342285156,-78.3826370239257,106.65189803952208,-76.22645913311233,993996108
sw,-73.9061584472656,-76.2300491333007,103.83347767232897,-97.85922468213553,994012775
sw,-74.9940948486328,-73.5598754882812,96.53142506539054,-117.58951415987866,994029442
sw,-75.9356536865234,-70.9678344726562,86.29813005156619,-134.3292710519293,994046109
sw,-76.8862915039062,-68.4679718017578,74.45078110266272,-147.73100147701768,994062776
sw,-77.7833404541015,-65.9124526977539,61.93025740743555,-158.00869789052007,994079443
sw,-78.6146469116211,-63.3682899475097,49.344196142414674,-165.59143685900455,994096110
sw,-79.3764190673828,-60.8058204650878,37.11752078663989,-170.78619917650155,994112777
sw,-79.9506607055664,-58.0343284606933,25.656027531993097,-173.597682784451,994129444
sw,-80.3398666381836,-55.0150032043457,15.44852512639926,-173.75427285684182,994146111
sw,-80.4677658081054,-52.1388435363769,7.072210771361507,-170.87889760602792,994162778
sw,-80.3107070922851,-49.6217880249023,1.1058957221059016,-164.68141495259968,994179445
sw,-79.9898376464843,-47.3307876586914,-2.0134031530979626,-155.0634293695587,994196112
sw,-79.7423019409179,-45.2936363220214,-2.1377888404372163,-142.09657871134314,994212779
sw,-79.7437210083007,-43.5830192565918,0.4929433932100405,-125.91211631157535,994229446
sw,-79.9575042724609,-42.2128944396972,5.237358762217444,-106.5838808087713,994246113
sw,-80.2859878540039,-41.1503143310546,11.132699094924638,-84.08817649518974,994262780
sw,-80.6527709960937,-40.3451271057128,17.053260048287818,-58.391121934617125,994279447
sw,-81.0389099121093,-40.0140571594238,21.911121619633466,-29.660713371953076,994296114
sw,-81.4012069702148,-40.1125411987304,24.852460842622605,1.4555367515489157,994312781
sw,-81.7007446289062,-40.5514259338378,25.40301470572017,33.58778152091776,994329448
sw,-81.9626846313476,-41.3898315429687,23.531252620384997,64.54986071561964,994346115
sw,-82.1760711669921,-42.7515754699707,19.623869765565143,91.48867918296943,994362782
sw,-82.2951049804687,-44.6316833496093,14.392679405715844,111.31677166580381,994379449
sw,-82.355354309082,-46.8592109680175,8.742167656222653,121.38258978358367,994396116
sw,-82.4260482788086,-49.3625564575195,3.6206325290792827,120.23565508450326,994412783
sw,-82.4358978271484,-52.2961502075195,-0.13568096448190684,108.26456184673867,994429450
sw,-82.3188323974609,-54.793830871582,-1.9625748451672016,87.9591780433656,994446117
sw,-82.1627349853515,-56.1168746948242,-1.7193084681800954,63.608694782869456,994462784
sw,-82.0727157592773,-55.9382057189941,0.20300620409249542,40.413151119369196,994479451
sw,-82.0703887939453,-55.4113388061523,2.864750581123166,23.220819722336206,994496118
sw,-82.1511001586914,-54.7361717224121,4.888799660649687,15.296930791134022,994512785
sw,-82.2234497070312,-54.7241516113281,4.69486233606304,17.556742861789825,994529452
sw,-82.214973449707,-56.120059967041,0.8079830043823778,28.519802113307893,994546119
sw,-82.2883834838867,-58.317569732666,-7.831298867805321,44.94736029245448,994562786
sw,-82.4982604980468,-59.8351898193359,-21.623248288487286,62.866102898582305,994579453
sw,-82.5964965820312,-60.9330139160156,-40.18089644518928,78.58992762399214,994596120
sw,-82.442512512207,-62.1107025146484,-62.34413531131415,89.45250001786596,994612787
sw,-81.8695526123046,-63.9447364807128,-86.33567447880284,94.1558458840528,994629454
sw,-80.8292160034179,-66.1391906738281,-110.03099025221913,92.7827940171868,994646121
sw,-79.5782165527343,-68.0484466552734,-131.2966693911617,86.55510373734305,994662788
sw,-77.8782501220703,-69.1752700805664,-148.3450972224079,77.40009963317826,994679455
sw,-75.0392532348632,-69.7149200439453,-160.04442400267203,67.39959950907397,994696122
sw,-71.8316421508789,-70.1597213745117,-166.1048094497724,58.24951833950105,994712789
sw,-69.2388000488281,-70.861572265625,-167.0597179632626,50.89443948697179,994729456
sw,-67.3628387451171,-71.7291946411132,-164.0129170988038,45.45583370613583,994746123
sw,-65.2497406005859,-72.7887191772461,-158.2245602087136,41.45156346005309,994762790
sw,-62.6536140441894,-73.7997207641601,-150.69466943963133,38.17910572572946,994779457
sw,-59.9809532165527,-74.4155578613281,-141.89637346926185,35.08083880668904,994796124
sw,-57.4005813598632,-75.0069122314453,-131.7186542282753,31.950509920196204,994812791
sw,-55.2544631958007,-75.426528930664,-119.5773371796367,28.938644896167514,994829458
sw,-53.7124099731445,-75.7280731201171,-104.61391988811347,26.407705806998383,994846125
sw,-52.4282875061035,-76.1266250610351,-85.92793704002013,24.731417306903012,994862792
sw,-51.4125633239746,-76.5776672363281,-62.83162484499096,24.123542559758054,994879459
sw,-50.7017745971679,-77.0668182373046,-35.12857700057071,24.54328056571674,994896126
sw,-50.6146163940429,-77.5798263549804,-3.391521961490065,25.684596404473158,994912793
sw,-51.0400428771972,-78.0580673217773,30.826616322375223,27.031896105168407,994929460
sw,-51.6471099853515,-78.4820785522461,64.93983342888417,27.95751662301962,994946127
sw,-52.8065109252929,-78.8662414550781,95.52160177653592,27.840690892955404,994962794
sw,-54.5992431640625,-79.2654571533203,118.7905644592952,26.193179746213705,994979461
sw,-56.958381652832,-79.6887283325195,131.35787963972672,22.776576486807496,994996128
sw,-59.8166923522949,-80.045654296875,131.09690925142053,17.68979280883519,995012795
sw,-62.206298828125,-80.2627792358398,117.89988366927979,11.398910760497799,995029462
sw,-64.5237655639648,-80.4095764160156,94.05604607627107,4.684071724523658,995046129
sw,-65.809211730957,-80.5435485839843,64.05406478719851,-1.5071276671192264,995062796
sw,-66.2737121582031,-80.5215988159179,33.76828661449956,-6.286489766678385,995079463
sw,-65.6922988891601,-80.3649749755859,9.187122581230302,-9.09180288881974,995096130
sw,-64.7131423950195,-80.1211624145507,-4.98473856871034,-9.927336654696802,995112797
sw,-63.8970947265625,-79.8322143554687,-6.4403472027852215,-9.498167344837757,995129464
sw,-63.2914581298828,-79.6154327392578,4.247217730856206,-9.167810672660233,995146131
sw,-63.8521461486816,-79.4643096923828,23.927207875447746,-10.709738642662304,995162798
sw,-65.9453125,-79.375991821289,47.847008064694485,-15.889421380808978,995179465
sw,-68.0509948730468,-79.2608032226562,70.95829273353681,-25.982698733946407,995196132
sw,-69.3766632080078,-78.8722076416015,89.11542707905335,-41.37919999901477,995212799
sw,-70.7394561767578,-78.0082855224609,99.82096153889788,-61.411728870758225,995229466
sw,-72.3119354248046,-76.5017547607421,102.39778108854591,-84.48661331454845,995246133
sw,-73.6168212890625,-74.087532043457,97.68865855249229,-108.48289681100664,995262800
sw,-74.5783233642578,-71.133918762207,87.49817985791718,-131.27990375382262,995279467
sw,-75.3849487304687,-68.1092376708984,73.99422924548254,-151.21449811719165,995296134
sw,-76.1799850463867,-65.1365509033203,59.226097677629895,-167.29976273732262,995312801
sw,-76.8824234008789,-62.2082633972168,44.83425114240273,-179.15147754156612,995329468
sw,-77.3436050415039,-59.3974380493164,31.948137808362663,-186.71076140377158,995346135
sw,-77.7039566040039,-56.6545753479003,21.217275770177164,-189.94192863730217,995362802
sw,-78.2161026000976,-53.5320053100585,12.909188031756827,-188.6740906742814,995379469
sw,-78.6541061401367,-50.1996421813964,7.023030061383157,-182.65280027270103,995396136
sw,-78.7184219360351,-47.26021194458,3.388386174015807,-171.73766961924767,995412803
sw,-78.5184936523437,-44.9048500061035,1.73562537400301,-156.10317729553955,995429470
sw,-78.302505493164,-42.8571166992187,1.738522709594029,-136.31491978926624,995446137
sw,-78.205825805664,-41.2982902526855,3.039053002636477,-113.23864707463714,995462804
sw,-78.2621765136718,-40.2706642150878,5.264528272504466,-87.83334700324423,995479471
sw,-78.4223022460937,-39.6504211425781,8.04333656153306,-60.935648681802704,995496138
sw,-78.6367034912109,-39.4925155639648,11.024991691450442,-33.14794161504004,995512805
sw,-78.9047775268554,-39.7486686706543,13.910722457214414,-4.903090890712767,995529472
sw,-79.1825103759765,-40.2265930175781,16.493655949935007,23.29281126344133,995546139
sw,-79.4413604736328,-40.8436431884765,18.692683021787538,50.52226533924938,995562806
sw,-79.7293472290039,-41.6611366271972,20.554096157492605,75.17447144876796,995579473
sw,-80.0408096313476,-42.9319190979003,22.202663825974035,94.89301768953943,995596140
sw,-80.2963180541992,-44.7376632690429,23.74792813187259,106.87516617824761,995612807
sw,-80.4934539794921,-46.7866134643554,25.17872321075677,108.52325492464163,995629474
sw,-80.6811981201171,-48.9666595458984,26.29409328984832,98.2984824219016,995646141
sw,-80.8734436035156,-50.9120292663574,26.712905873436274,76.51142156026951,995662808
sw,-81.0602874755859,-52.5833396911621,25.977336938149772,45.75288794545295,995679475
sw,-81.2444076538086,-53.4948196411132,23.72661007797189,10.74205502332996,995696142
sw,-81.4277420043945,-52.7501411437988,19.882695393585337,-22.46523104374811,995712809
sw,-81.5515060424804,-51.1365013122558,14.773166323036396,-47.7465820906997,995729476
sw,-81.5686721801757,-49.3642349243164,9.12539245346516,-60.30776716133755,995746143
sw,-81.4309997558593,-48.0318336486816,3.9021260368139417,-57.77811713378813,995762810
sw,-81.0812606811523,-47.5483093261718,0.005818428554296609,-40.68430690665272,995779477
sw,-80.577651977539,-48.0241622924804,-2.060572341822995,-12.204918332479627,995796144
sw,-80.1731719970703,-49.2429504394531,-2.454633605194636,22.657179562743618,995812811
sw,-80.0585708618164,-50.6116561889648,-2.0713571307299503,58.202906971648844,995829478
sw,-80.3428192138671,-52.1074142456054,-2.3908835931992884,89.16595764453523,995846145
sw,-80.956298828125,-54.1688499450683,-5.130594045259526,111.62143245112374,995862812
sw,-81.7345275878906,-57.0573616027832,-11.799850641499617,123.55515371601946,995879479
sw,-82.451431274414,-60.0648880004882,-23.287303420929867,125.041789896986,995896146
sw,-82.8308410644531,-61.7447319030761,-39.59933712826274,118.01500134493384,995912813
sw,-82.7162246704101,-63.4025344848632,-59.81636709822064,105.6654990158315,995929480
sw,-82.1714324951171,-64.6762161254882,-82.2628310005071,91.59423131145292,995946147
sw,-81.0063858032226,-65.8126525878906,-104.82945525975148,78.93294762746197,995962814
sw,-79.5909881591796,-66.8113784790039,-125.36298844003419,69.66291103285779,995979481
sw,-77.9636306762695,-67.7637634277343,-142.04424695406868,64.30100333030214,995996148
sw,-75.5253067016601,-68.8504486083984,-153.6901879523894,62.01186381210842,996012815
sw,-72.4330673217773,-70.010025024414,-159.92423528076597,61.084321958857245,996029482
sw,-69.6401290893554,-71.33447265625,-161.16535477273695,59.61056759607259,996046149
sw,-67.4512329101562,-72.7796936035156,-158.41444637341684,56.15090303979863,996062816
sw,-65.2315902709961,-73.6919555664062,-152.8813885001159,50.17498602322531,996079483
sw,-63.0492858886718,-74.3269958496093,-145.5701247686436,42.150265549952444,996096150
sw,-61.0281295776367,-74.5769882202148,-136.96890153316164,33.28025074632216,996112817
sw,-58.8435707092285,-74.7556457519531,-126.95230823935412,25.02585433499685,996129484
sw,-56.4760932922363,-75.0506439208984,-114.9144931806988,18.6102204417101,996146151
sw,-54.4400405883789,-75.3685150146484,-100.06464446754497,14.683160081021402,996162818
sw,-52.9891242980957,-75.6143341064453,-81.7661122389867,13.230393083039006,996179485
sw,-52.0597419738769,-75.9636688232421,-59.808586138267636,13.709565642144632,996196152
sw,-51.5129928588867,-76.4774017333984,-34.55637339332017,15.322854313377372,996212819
sw,-51.5332679748535,-77.0349655151367,-6.976867849842081,17.30837314131254,996229486
sw,-52.0476951599121,-77.4427795410156,21.413164739928913,19.145050951692546,996246153
sw,-52.8026618957519,-77.7005386352539,48.64881196145728,20.61056516270216,996262820
sw,-53.7147750854492,-77.9373931884765,72.45821494100667,21.695935133823564,996279487
sw,-54.9383010864257,-78.1879577636718,90.46662433371407,22.438956438319327,996296154
sw,-56.6381950378418,-78.4352722167968,100.49576143456659,22.766916233413898,996312821
sw,-58.4742393493652,-78.7042922973632,100.96287237971355,22.428258268200146,996329488
sw,-60.1426239013671,-79.0497436523437,91.32602549738675,21.052471523395294,996346155
sw,-61.2893180847168,-79.4801940917968,72.4662539161537,18.32394619576085,996362822
sw,-62.6657562255859,-79.9707717895507,46.87215965058791,14.204589981581995,996379489
sw,-63.7524261474609,-80.4896926879882,18.506273021789223,9.106731163107227,996396156
sw,-63.7816200256347,-80.8855743408203,-7.7146680983387075,3.916754885568878,996412823
sw,-62.5021247863769,-81.0090103149414,-26.79303275642131,-0.1902026911497546,996429490
sw,-61.5048484802246,-80.7419509887695,-34.70771848841387,-2.1278436649972177,996446157
sw,-60.6530418395996,-80.2309265136718,-29.373731938265163,-1.3620901230133016,996462824
sw,-60.0380210876464,-79.7753067016601,-11.209588989101183,1.7109643392924658,996479491
sw,-59.9206428527832,-79.6850814819336,16.877598810529687,5.644857149525374,996496158
sw,-60.7097358703613,-79.928970336914,50.11022982656871,8.1759235550349,996512825
sw,-62.5156898498535,-80.3150100708007,82.91066559075789,6.776472781654194,996529492
sw,-65.0822982788086,-80.6086959838867,110.14028816957142,-0.6315302814760518,996546159
sw,-67.9419937133789,-80.6763305664062,128.16510222619183,-15.03166303050888,996562826
sw,-70.0514984130859,-80.3183441162109,135.456881549272,-35.954672666622464,996579493
sw,-71.6554641723632,-79.2117614746093,132.5999021129027,-61.53646260355207,996596160
sw,-73.3979339599609,-77.220947265625,121.78142574328156,-88.98563756779382,996612827
sw,-74.861083984375,-74.5598220825195,105.9989923261655,-115.30945445092706,996629494
sw,-75.8663253784179,-71.6540145874023,88.25552529277627,-138.04876192475928,996646161
sw,-76.6285247802734,-68.7886657714843,70.95089716539887,-155.76925118822314,996662828
sw,-77.3398666381836,-66.0512084960937,55.5757934582886,-168.15996951763097,996679495
sw,-78.0185546875,-63.2689094543457,42.71342551286513,-175.75660212886345,996696162
sw,-78.7232208251953,-61.0142440795898,32.27394763634848,-179.4565308059099,996712829
sw,-79.4835586547851,-58.3282241821289,23.83838966362439,-180.05474998126525,996729496
sw,-80.1545181274414,-55.2586708068847,16.98392196481376,-177.9799145810581,996746163
sw,-80.5329437255859,-52.236473083496,11.495938975824696,-173.28083832887117,996762830
sw,-80.5063705444336,-49.4555702209472,7.427608456506518,-165.7815196236459,996779497
sw,-80.3222503662109,-47.0465431213378,5.024191777395204,-155.262446978076,996796164
sw,-80.2204284667968,-45.052864074707,4.568667297144517,-141.5597653290379,996812831
sw,-80.265022277832,-43.3186874389648,6.21435871126324,-124.56113469513032,996829498
sw,-80.3874282836914,-41.9521446228027,9.853693925770783,-104.15574933393283,996846165
sw,-80.6122360229492,-40.9283142089843,15.04984289691766,-80.22721662990541,996862832
sw,-80.9468307495117,-40.2658004760742,21.04523700404653,-52.75748225982734,996879499
sw,-81.3309555053711,-40.0865097045898,26.85383200460424,-22.054633195669673,996896166
sw,-81.7760543823242,-40.3111152648925,31.429093159987254,10.950064387511562,996912833
sw,-82.2034683227539,-40.7115325927734,33.87470132601286,44.449369707121015,996929500
sw,-82.6176452636718,-41.441780090332,33.64325567322846,75.69674031858588,996946167
sw,-83.0153427124023,-42.6869430541992,30.665341760767188,101.26280055269183,996962834
sw,-83.338623046875,-44.8383483886718,25.37074843678876,117.66295925207362,996979501
sw,-83.5558242797851,-47.2143096923828,18.59552309239948,122.26790601601863,996996168
sw,-83.6392745971679,-50.524845123291,11.399133523503131,114.25120725203901,997012835
sw,-83.5597152709961,-53.4837913513183,4.836127830698753,95.22622261993152,997029502
sw,-83.3538284301757,-55.2276916503906,-0.26629978306484986,69.24878212708553,997046169
sw,-83.1395034790039,-55.2757377624511,-3.478637541066783,42.04394500662821,997062836
sw,-83.018440246582,-54.4659690856933,-4.8570966474564745,19.612525532792922,997079503
sw,-83.0116424560546,-53.4029998779296,-4.943116610122362,6.65788768123082,997096170
sw,-82.9844894409179,-52.7523803710937,-4.69079763131708,5.387642529632461,997112837
sw,-82.8484344482421,-53.2254066467285,-5.3453695558249965,15.108395387304036,997129504
sw,-82.5983810424804,-55.5065422058105,-8.280611453236917,32.70519205914791,997146171
sw,-82.5737380981445,-57.9162826538085,-14.785057203123737,53.74450478820881,997162838
sw,-82.8371658325195,-59.000991821289,-25.796964982607925,73.73638621935747,997179505
sw,-83.0676040649414,-60.1757164001464,-41.63127336151446,89.13053195486647,997196172
sw,-83.0818176269531,-61.5547103881835,-61.78254063572052,97.84489545413044,997212839
sw,-82.6836242675781,-63.5157928466796,-84.887714059572,99.36109694457771,997229506
sw,-81.6800918579101,-65.7313461303711,-108.8909696033574,94.5258168652107,997246173
sw,-80.1665496826171,-67.6170120239257,-131.39672510503837,85.17215837601597,997262840
sw,-78.06591796875,-68.6215209960937,-150.14404992739284,73.62240389738929,997279507
sw,-75.0062408447265,-69.1548461914062,-163.4882143819787,62.13580794342922,997296174
sw,-71.5681991577148,-69.63916015625,-170.742781140608,52.413691137253046,997312841
sw,-68.6969680786132,-70.334487915039,-172.24815741902367,45.29935938339269,997329508
sw,-66.7998123168945,-71.0486602783203,-169.11741084669183,40.760830138870695,997346175
sw,-64.8282165527343,-71.946418762207,-162.74874833333848,38.136500438869206,997362842
sw,-62.3442039489746,-72.916015625,-154.3067068291279,36.52191491985181,997379509
sw,-59.6644477844238,-73.5424270629882,-144.37739304430977,35.13636269028308,997396176
sw,-56.9829635620117,-74.2119750976562,-132.89349294292091,33.54490570629287,997412843
sw,-54.7395858764648,-74.6548995971679,-119.28737355027192,31.695146810384724,997429510
sw,-53.1688270568847,-74.8900299072265,-102.75805960470512,29.809413428017184,997446177
sw,-51.9345436096191,-75.3189239501953,-82.55353489192089,28.2147925462392,997462844
sw,-50.9889335632324,-75.8539810180664,-58.22757971781012,27.188060496103237,997479511
sw,-50.4634475708007,-76.4313278198242,-29.869817404260544,26.85709633176793,997496178
sw,-50.4124107360839,-76.9668655395507,1.6963383249162018,27.16161838747124,997512845
sw,-50.9229393005371,-77.4299011230468,34.78402932651688,27.855467086198832,997529512
sw,-51.6826629638671,-77.8534240722656,66.84544458384201,28.53468051856551,997546179
sw,-52.7804641723632,-78.26953125,94.67513293322052,28.688639899005764,997562846
sw,-54.5096588134765,-78.6628036499023,114.8552437257465,27.780602902450735,997579513
sw,-56.8172912597656,-79.0385437011718,124.41819351157211,25.36138012692426,997596180
sw,-59.563793182373,-79.4265365600586,121.60764276083951,21.206462370474064,997612847
sw,-61.7055206298828,-79.8023910522461,106.5333276345885,15.447741740051434,997629514
sw,-63.2405929565429,-80.1270523071289,81.49276319558545,8.653649324534403,997646181
sw,-64.2942886352539,-80.3879165649414,50.800040171456125,1.8057287701735723,997662848
sw,-64.7957229614257,-80.5296630859375,20.0945866214013,-3.865531943973766,997679515
sw,-64.4419784545898,-80.4860763549804,-4.750917264763506,-7.1842546533594245,997696182
sw,-63.5631065368652,-80.2041702270507,-18.88441519489619,-7.415477405596049,997712849
sw,-62.7329521179199,-79.7588424682617,-19.58089030429733,-4.623627839857157,997729516
sw,-61.8660163879394,-79.5032272338867,-6.894467817192859,0.13373539552610522,997746183
sw,-61.4321136474609,-79.5399780273437,16.357571361588338,4.888215075260747,997762850
sw,-62.3863410949707,-79.7927856445312,45.31591295900389,7.148244608333888,997779517
sw,-64.967529296875,-80.0539474487304,74.32183924585908,4.510175711026408,997796184
sw,-67.8295669555664,-80.2020492553711,98.30627844481177,-4.682194200849659,997812851
sw,-69.5917358398437,-80.1128845214843,113.88518847862079,-20.838647631730886,997829518
sw,-70.8228302001953,-79.4088668823242,119.84592956446266,-42.95358046575658,997846185
sw,-72.4443664550781,-78.0238800048828,116.97226724987614,-68.835135230083,997862852
sw,-74.0761795043945,-75.9755249023437,107.40226821630971,-95.66828574462107,997879519
sw,-75.2148056030273,-73.2470626831054,93.81675029383574,-120.72905648709215,997896186
sw,-75.964370727539,-70.3495330810546,78.71725340350831,-142.00908491617017,997912853
sw,-76.6700134277343,-67.5244827270507,63.95347029351428,-158.54321583864308,997929520
sw,-77.3780517578125,-64.8664169311523,50.55902452182618,-170.35298425203152,997946187
sw,-78.0506591796875,-62.3603515625,38.86367389287706,-178.07790259534542,997962854
sw,-78.8245849609375,-59.8937187194824,28.778201298485374,-182.4897249241497,997979521
sw,-79.659194946289,-57.1403465270996,20.11580586582698,-184.10992772704523,997996188
sw,-80.2963714599609,-54.0044822692871,12.830295645877422,-183.0663436588417,998012855
sw,-80.4781494140625,-50.7962112426757,7.104503745438366,-179.1819688321125,998029522
sw,-80.2572937011718,-47.9782600402832,3.28896324152551,-172.17226478395494,998046189
sw,-80.037727355957,-45.7588119506835,1.746282841728079,-161.80180250491514,998062856
sw,-79.9553909301757,-43.5871086120605,2.679359895761058,-147.91826657677382,998079523
sw,-79.979133605957,-41.8330688476562,6.006136509001879,-130.38442385900765,998096190
sw,-80.1543807983398,-40.5728530883789,11.309193257841638,-109.00113280847125,998112857
sw,-80.4671325683593,-39.6277770996093,17.86163438882714,-83.52668242709056,998129524
sw,-80.8792190551757,-38.7432441711425,24.719332637933537,-53.85429278276303,998146191
sw,-81.33251953125,-38.3667221069335,30.86253468234183,-20.32964315191117,998162858
sw,-81.7723770141601,-38.5774116516113,35.35895285769602,15.896416463669981,998179525
sw,-82.1785812377929,-39.1065597534179,37.51216920636426,52.639653991451084,998196192
sw,-82.5700988769531,-40.1566696166992,36.963717746202775,86.73329150629559,998212859
sw,-82.9267883300781,-41.9301033020019,33.73429369435124,114.44415616067904,998229526
sw,-83.2169036865234,-44.566062927246,28.20770569364726,132.2246689636136,998246193
sw,-83.4318923950195,-47.2661933898925,21.06936184061725,137.6380416507595,998262860
sw,-83.5825271606445,-50.3929786682128,13.208360529608042,130.18982896713757,998279527
sw,-83.6456604003906,-53.1818618774414,5.586883808407154,111.77126915503688,998296194
sw,-83.5790786743164,-55.3858375549316,-0.9183264340492574,86.49300256210068,998312861
sw,-83.4287567138671,-55.769474029541,-5.687176436808542,59.85711185170756,998329528
sw,-83.2896881103515,-55.3593101501464,-8.510428601304042,37.44652964291407,998346195
sw,-83.1856842041015,-54.7447547912597,-9.68935664344729,23.523841058938324,998362862
sw,-83.0170822143554,-54.3229942321777,-10.049403998711881,20.01254029771606,998379529
sw,-82.7292938232421,-55.1129302978515,-10.852224932702594,26.209336701030427,998396196
sw,-82.3030090332031,-57.4752349853515,-13.60440653410301,39.28577813900658,998412863
sw,-81.9883956909179,-59.5043983459472,-19.772265296473993,55.324055830259866,998429530
sw,-82.0565338134765,-60.4867362976074,-30.43567755169496,70.45870504681125,998446197
sw,-82.2443008422851,-61.5773849487304,-45.95564851535347,81.74553079080553,998462864
sw,-82.2003402709961,-62.9185371398925,-65.76240490294931,87.58920293772483,998479531
sw,-81.7421264648437,-64.862434387207,-88.35504644218247,87.77016809433744,998496198
sw,-80.6225051879882,-66.7922744750976,-111.53856287286374,83.20069787652353,998512865
sw,-79.0258255004882,-68.0980148315429,-132.84779167830973,75.52223449180545,998529532
sw,-77.1832199096679,-68.8742065429687,-150.05607276970446,66.62320774908618,998546199
sw,-74.4011688232421,-69.5858688354492,-161.64334322215817,58.16416369280546,998562866
sw,-71.0367660522461,-70.2311401367187,-167.09494223264258,51.221263543422005,998579533
sw,-68.3776702880859,-71.0266494750976,-166.9264638389447,46.145112744700214,998596200
sw,-66.6529541015625,-71.8672485351562,-162.405300124829,42.661854390030626,998612867
sw,-64.6646270751953,-72.780532836914,-155.06017374363694,40.15179087649584,998629534
sw,-62.2323265075683,-73.6629028320312,-146.1686630915032,37.97876539719841,998646201
sw,-59.6935806274414,-74.245361328125,-136.4111220298496,35.741922151521315,998662868
sw,-57.2729415893554,-74.9045715332031,-125.77633355741482,33.37544312708287,998679535
sw,-55.1900787353515,-75.3662109375,-113.68241197749494,31.097539711431935,998696202
sw,-53.6667022705078,-75.7003326416015,-99.21691809453812,29.267283437667107,998712869
sw,-52.4412460327148,-76.1621017456054,-81.41469132681846,28.225396705868306,998729536
sw,-51.4553413391113,-76.7128219604492,-59.53604349630231,28.176868423767885,998746203
sw,-50.8409156799316,-77.3052291870117,-33.3337916643811,29.137429333479524,998762870
sw,-50.740737915039,-77.8861541748046,-3.2898856927333484,30.933176044278888,998779537
sw,-51.2322883605957,-78.4600982666015,29.222154905693372,33.22811085163982,998796204
sw,-52.0145301818847,-78.9868392944336,61.91048399947307,35.560643454986135,998812871
sw,-53.1092910766601,-79.4966278076171,91.73466264927046,37.38696911229197,998829538
sw,-54.7625617980957,-80.0531921386718,115.30967339480353,38.14212784017827,998846205
sw,-56.9522323608398,-80.6741790771484,129.52958563386014,37.32845948414875,998862872
sw,-59.8341445922851,-81.2988586425781,132.31301925920928,34.62525438255505,998879539
sw,-62.3406944274902,-81.8402938842773,123.28344451826032,29.99144899655547,998896206
sw,-64.6176300048828,-82.2720642089843,104.15284971258434,23.71907192671381,998912873
sw,-66.1231842041015,-82.5999908447265,78.6200190962626,16.39924354701379,998929540
sw,-66.9848556518554,-82.7698059082031,51.72487719137679,8.786055436290576,998946207
sw,-66.9536972045898,-82.7383651733398,28.77530667629916,1.5794240433291025,998962874
sw,-66.1228942871093,-82.6547164916992,14.12164936197122,-4.815898066045943,998979541
sw,-65.472183227539,-82.4832077026367,10.137459866362631,-10.475646295432194,998996208
sw,-65.3287277221679,-82.2024536132812,16.727513692359004,-16.00948664459761,999012875
sw,-66.2099151611328,-81.8656921386718,31.517406294382383,-22.438725317107636,999029542
sw,-67.9919052124023,-81.5086135864257,50.63812762504385,-30.909115977550204,999046209
sw,-69.482421875,-81.0930099487304,69.81187241249899,-42.31183696451493,999062876
sw,-70.7983169555664,-80.5112533569336,85.37361876109573,-56.9340108690837,999079543
sw,-72.3976516723632,-79.4623260498046,94.9498549811491,-74.26998154716992,999096210
sw,-73.9075241088867,-77.7823486328125,97.6892886112689,-93.08036467779566,999112877
sw,-75.1398696899414,-75.5696182250976,94.0976277106917,-111.69555859978084,999129544
sw,-76.1852264404296,-72.7374801635742,85.61560137832754,-128.45926013861995,999146211
sw,-77.0227355957031,-69.8649368286132,74.10232493911734,-142.14429951976382,999162878
sw,-77.6813507080078,-67.2669296264648,61.36778332134779,-152.18428610123192,999179545
sw,-78.2338409423828,-64.6877899169921,48.852859607994496,-158.6508654841085,999196212
sw,-78.7722625732421,-62.2947883605957,37.49540179548732,-162.02512381251174,999212879
sw,-79.3910903930664,-59.851146697998,27.762671692475813,-162.89707425661018,999229546
sw,-79.9761657714843,-57.2188987731933,19.78918866030074,-161.73301831758565,999246213
sw,-80.3698959350586,-54.5031547546386,13.543368045666295,-158.7822586184513,999262880
sw,-80.5256805419921,-51.9611015319824,8.95779639381148,-154.10298756991511,999279547
sw,-80.4901885986328,-49.589256286621,5.989064343204131,-147.63065334923678,999296214
sw,-80.3852615356445,-47.4934349060058,4.608907180976667,-139.2169703771201,999312881
sw,-80.3369598388671,-45.6590614318847,4.753617086101366,-128.61646077123467,999329548
sw,-80.4356918334961,-44.0114440917968,6.266145316682898,-115.45125183436261,999346215
sw,-80.6714401245117,-42.7641944885253,8.858482159039173,-99.21423056079814,999362882
sw,-80.9377899169921,-41.7355422973632,12.109151695166906,-79.36617945910143,999379549
sw,-81.1648941040039,-40.7786788940429,15.49815644663436,-55.548265683489326,999396216
sw,-81.3567504882812,-40.406509399414,18.47171548548815,-27.87841950956134,999412883
sw,-81.5472717285156,-40.4071960449218,20.522625770312253,2.752560576268001,999429550
sw,-81.7197113037109,-40.747631072998,21.270159866270227,34.499752831311255,999446217
sw,-81.8999557495117,-41.5036430358886,20.52591447688375,64.60660190461154,999462884
sw,-82.0553741455078,-42.9099655151367,18.336269144686185,89.73679175368,999479551
sw,-82.1446990966796,-44.8087730407714,14.994686978433425,106.5857224282713,999496218
sw,-82.1889266967773,-46.9079437255859,11.017159622353152,112.66813094388013,999512885
sw,-82.210693359375,-49.3018150329589,7.074464931384651,107.09328987659575,999529552
sw,-82.1997604370117,-51.8193931579589,3.879395742891563,91.09336225611416,999546219
sw,-82.1469421386718,-53.6785087585449,2.037376725506771,68.08666726795424,999562886
sw,-82.0667419433593,-54.5941505432128,1.883135059085223,43.15061916760136,999579553
sw,-81.9947509765625,-54.4946517944335,3.3392616668594703,21.948364045116104,999596220
sw,-81.9381484985351,-53.8849754333496,5.837734446340447,9.357709754297247,999612887
sw,-81.8672866821289,-53.1332244873046,8.33790552238038,8.204746143011171,999629554
sw,-81.769416809082,-52.9332656860351,9.454920929760215,18.520841341899786,999646221
sw,-81.7075805664062,-53.6517524719238,7.687320425169817,37.59139349508523,999662888
sw,-81.813003540039,-55.8202323913574,1.7088185833369807,60.796014109545396,999679555
sw,-82.1227111816406,-58.92818069458,-9.329433557311495,82.95589867087998,999696222
sw,-82.5581665039062,-61.0153923034668,-25.55187253030451,99.72554794776286,999712889
sw,-82.8439331054687,-62.7471923828125,-46.23244916715891,108.57999731346158,999729556
sw,-82.8723373413086,-64.3733215332031,-69.83533542050411,109.14769080960345,999746223
sw,-82.4884338378906,-66.1944503784179,-94.2314510703749,102.90695032543955,999762890
sw,-81.4542694091796,-67.8180313110351,-117.05974227335605,92.45931214510486,999779557
sw,-80.0426025390625,-69.0426025390625,-136.16940021310086,80.65677108205789,999796224
sw,-77.9364242553711,-69.8137130737304,-150.05342927095444,69.82909872353298,999812891
sw,-74.8145217895507,-70.4519577026367,-158.16420396548642,61.29029814565389,999829558
sw,-71.8332595825195,-71.2706527709961,-161.0003115656803,55.22111692737259,999846225
sw,-69.6085357666015,-72.3999404907226,-159.8965876728384,50.92148169049318,999862892
sw,-67.6915969848632,-73.6496429443359,-156.54859410755043,47.312220143212386,999879559
sw,-65.6298294067382,-74.6886825561523,-152.42290347362007,43.48183279281976,999896226
sw,-63.3396224975585,-75.4230804443359,-148.26841500486483,39.06984781903666,999912893
sw,-60.7240562438964,-75.8801116943359,-143.8997971458593,34.36422580264114,999929560
sw,-57.8486366271972,-76.2621383666992,-138.29750433786688,30.122152231874505,999946227
sw,-55.3206977844238,-76.6314849853515,-129.9395912492059,27.230598350130897,999962894
sw,-53.3920974731445,-77.0453796386718,-117.21947765225713,26.358003671002265,999979561
sw,-51.8823623657226,-77.4950942993164,-98.82854951573191,27.714468808732356,999996228
sw,-50.7921066284179,-77.9873352050781,-74.05496200933483,30.97254896770174,1000012895
sw,-50.1841392517089,-78.6398620605468,-43.00990159770856,35.34097728146386,1000029562
sw,-50.2418823242187,-79.3873062133789,-6.8022556363107896,39.74586941214166,1000046229
sw,-50.4841880798339,-80.1043395996093,32.35407344026343,43.05873635802016,1000062896
sw,-50.974021911621,-80.7830505371093,71.16926968774452,44.314300482429,1000079563
sw,-52.1869926452636,-81.4252700805664,105.54468061251133,42.878616496119896,1000096230
sw,-54.1671829223632,-82.0219650268554,131.15409429538786,38.54997442603208,1000112897
sw,-57.1653327941894,-82.5586700439453,144.31383332824691,31.59058983473561,1000129564
sw,-60.0541305541992,-82.9650344848632,142.96667623062532,22.691736587042666,1000146231
sw,-63.082103729248,-83.2028656005859,127.48134513256214,12.873567607484253,1000162898
sw,-65.5256195068359,-83.3151092529296,100.9487092828606,3.321550033296756,1000179565
sw,-66.7673110961914,-83.4151306152343,68.76931883087939,-4.831472621481329,1000196232
sw,-66.4950866699218,-83.3907241821289,37.54815513656951,-10.755396186590874,1000212899
sw,-65.619026184082,-83.2137832641601,13.567091407411006,-14.16467081677521,1000229566
sw,-64.9253921508789,-82.7411499023437,1.2873822546496039,-15.490031677457749,1000246233
sw,-64.3775253295898,-82.1269073486328,2.3495652952517267,-15.904164069957277,1000262900
sw,-64.4892120361328,-81.7235260009765,15.367178741178721,-17.138353434529822,1000279567
sw,-66.0877990722656,-81.6739273071289,36.528154099644745,-21.08387772551187,1000296234
sw,-67.9386596679687,-81.7002944946289,60.74650348475805,-29.263079987060394,1000312901
sw,-69.2397003173828,-81.4804611206054,82.95825407856897,-42.338067511075195,1000329568
sw,-70.8300552368164,-80.7171249389648,99.18217188176102,-59.84591633365627,1000346235
sw,-72.5436553955078,-79.3007202148437,107.12834303096817,-80.28169174304787,1000362902
sw,-74.1590805053711,-77.0772476196289,106.3268401585152,-101.51706794059511,1000379569
sw,-75.4785614013671,-74.1840438842773,97.87330165015156,-121.40251929221103,1000396236
sw,-76.499153137207,-71.3264617919921,83.93505265369573,-138.32169208002193,1000412903
sw,-77.2446746826171,-68.6662826538086,67.16372693875734,-151.49080976080083,1000429570
sw,-77.8472747802734,-66.0670852661132,50.14220612907701,-160.91780637610728,1000446237
sw,-78.3340759277343,-63.581672668457,34.96006627701487,-167.09374747966544,1000462904
sw,-78.6854629516601,-61.1046562194824,22.96705970147426,-170.59779882722304,1000479571
sw,-79.0386047363281,-58.3393516540527,14.70984523228518,-171.8023197680376,1000496238
sw,-79.3226318359375,-55.3076171875,10.02423898866507,-170.77553024752822,1000512905
sw,-79.5510101318359,-52.3730850219726,8.236675571594233,-167.35670459494133,1000529572
sw,-79.7006912231445,-49.8216857910156,8.42041531392798,-161.29645899724804,1000546239
sw,-79.8983154296875,-47.5894355773925,9.650021758385664,-152.3531876215194,1000562906
sw,-80.1120910644531,-45.5386123657226,11.201119044583331,-140.30062679714774,1000579573
sw,-80.3743057250976,-43.7246665954589,12.654526979356673,-124.87799528190524,1000596240
sw,-80.6643905639648,-42.3892135620117,13.888260370752768,-105.75749456109284,1000612907
sw,-80.9303131103515,-41.3768234252929,14.975006203356008,-82.6018866006949,1000629574
sw,-81.1384048461914,-40.5786743164062,16.033858433574984,-55.248158278510395,1000646241
sw,-81.333381652832,-40.2673568725585,17.09736973740387,-23.996325729396077,1000662908
sw,-81.4943466186523,-40.3985862731933,18.04195908446084,10.078943291456405,1000679575
sw,-81.668228149414,-40.8026580810546,18.600103981740094,44.92067846441332,1000696242
sw,-81.8619003295898,-41.6531562805175,18.443085282089367,77.51971354057719,1000712909
sw,-82.0824737548828,-43.1905326843261,17.30457399090178,104.27407630263899,1000729576
sw,-82.3377380371093,-45.404296875,15.10769381357412,121.67728429434547,1000746243
sw,-82.6139831542968,-47.9143905639648,12.055252726293865,127.21096738501353,1000762910
sw,-82.8109741210937,-50.8708038330078,8.643505391201757,120.20096728778017,1000779577
sw,-82.8611450195312,-53.5219612121582,5.571715040345605,102.33880573352262,1000796244
sw,-82.7727584838867,-55.5960617065429,3.5505669621716187,77.6125953743622,1000812911
sw,-82.6299362182617,-55.9659767150878,3.0560561014373935,51.54751798442187,1000829578
sw,-82.557373046875,-55.4838066101074,4.109221470125509,29.89745941068777,1000846245
sw,-82.6414489746093,-54.8194580078125,6.1624184030914035,17.168293741052707,1000862912
sw,-82.7952194213867,-54.2640686035156,8.136028025487969,15.465963350009238,1000879579
sw,-82.889663696289,-54.6483993530273,8.597262895217881,24.068253687473028,1000896246
sw,-82.9581985473632,-56.5724487304687,6.034741561219693,39.84695160797407,1000912913
sw,-83.1761093139648,-58.8965377807617,-0.8290302253260159,58.34306147387292,1000929580
sw,-83.5429000854492,-60.2777595520019,-12.74323709956894,75.07520913406728,1000946247
sw,-83.8280639648437,-61.7422828674316,-29.70949004037888,86.64067619691234,1000962914
sw,-83.7970504760742,-63.1599693298339,-50.89389108613608,91.33366411976787,1000979581
sw,-83.3233947753906,-65.0860748291015,-74.70582331407957,89.23141115359591,1000996248
sw,-82.3041000366211,-66.8472595214843,-99.0384300012944,81.85555700391923,1001012915
sw,-80.8864364624023,-67.9684066772461,-121.62728280905412,71.56970928471547,1001029582
sw,-79.1104202270507,-68.6055603027343,-140.46144698264942,60.87631191445599,1001046249
sw,-76.5363693237304,-69.1176452636718,-154.1668270976904,51.775743703372,1001062916
sw,-73.2412643432617,-69.649169921875,-162.26524009968082,45.34193132508934,1001079583
sw,-70.1722106933593,-70.3742980957031,-165.20905072242178,41.6183877590719,1001096250
sw,-68.0632095336914,-71.2423706054687,-164.13592688202775,39.840233662100864,1001112917
sw,-66.1688385009765,-72.1192245483398,-160.39421454809496,38.87700529779312,1001129584
sw,-63.9749794006347,-73.0466995239257,-155.0073059188294,37.71880927752717,1001146251
sw,-61.5194931030273,-73.7446823120117,-148.28945546663678,35.82844939585894,1001162918
sw,-58.8478660583496,-74.2331085205078,-139.7550149129909,33.25344165993956,1001179585
sw,-56.3899612426757,-74.6228485107421,-128.32575998386315,30.498814519105366,1001196252
sw,-54.3837356567382,-74.8775558471679,-112.72694642968435,28.25274683301728,1001212919
sw,-52.8823699951171,-75.3030929565429,-91.9274100441652,27.093663978276638,1001229586
sw,-51.8313560485839,-75.8137893676757,-65.51345291332306,27.283909904519913,1001246253
sw,-51.3049621582031,-76.3825149536132,-33.943451747187495,28.696857474641607,1001262920
sw,-51.2654762268066,-76.991340637207,1.3314368216305383,30.86653565858268,1001279587
sw,-51.8426895141601,-77.5641784667968,37.88713441681458,33.11518347473533,1001296254
sw,-52.7899055480957,-78.1073837280273,72.5026503786235,34.708400561719316,1001312921
sw,-54.1629524230957,-78.6422882080078,101.51239787755877,34.999849229224125,1001329588
sw,-56.0367965698242,-79.1334381103515,121.33819402446298,33.5450316726525,1001346255
sw,-58.3601837158203,-79.5596160888671,129.15830981303378,30.177458355499304,1001362922
sw,-60.8401069641113,-79.9876174926757,123.60348675901658,25.046408154551855,1001379589
sw,-62.8183288574218,-80.3771286010742,105.30925159308497,18.613581822646598,1001396256
sw,-64.4090499877929,-80.6614227294921,77.13696592952495,11.600539461368314,1001412923
sw,-65.8422927856445,-80.8501815795898,43.922939931496096,4.877703393220909,1001429590
sw,-66.0535354614257,-80.884780883789,11.718944068489343,-0.7042507316202375,1001446257
sw,-65.0517425537109,-80.8524093627929,-13.371803993682938,-4.519134536213185,1001462924
sw,-63.9310226440429,-80.7660140991211,-26.512323697763737,-6.362284981683277,1001479591
sw,-62.9617576599121,-80.6204452514648,-25.25387012624388,-6.583330423671735,1001496258
sw,-62.0340957641601,-80.5310363769531,-10.12345453139661,-6.102376862455917,1001512925
sw,-61.8495292663574,-80.5175323486328,15.525576126292824,-6.280217698431744,1001529592
sw,-63.0378379821777,-80.4526443481445,46.3836622169517,-8.650986353122097,1001546259
sw,-65.3228988647461,-80.2568054199218,76.52993201952407,-14.56876735650929,1001562926
sw,-67.8005905151367,-80.009521484375,100.84347538930766,-24.85443616383644,1001579593
sw,-69.4388351440429,-79.6578063964843,116.05399873896552,-39.5435009705385,1001596260
sw,-70.7759704589843,-78.9238510131836,121.15971470304659,-57.82266794718251,1001612927
sw,-72.4139404296875,-77.5070877075195,117.19716379310259,-78.19808744753205,1001629594
sw,-74.0951309204101,-75.5353164672851,106.56513616322178,-98.86484906179182,1001646261
sw,-75.2206268310546,-72.9117584228515,92.1856497005006,-118.1661866985057,1001662928
sw,-75.8763275146484,-70.1531906127929,76.74511295643816,-134.9807434270766,1001679595
sw,-76.3657150268554,-67.6354751586914,62.17459711653634,-148.89284460515984,1001696262
sw,-76.9021987915039,-65.016860961914,49.445356924695275,-160.0884429536999,1001712929
sw,-77.628059387207,-62.3595542907714,38.67441255550029,-169.0391028707826,1001729596
sw,-78.5232620239257,-59.7469863891601,29.454588924387405,-176.12500425845056,1001746263
sw,-79.4214553833007,-57.0356559753418,21.266337793057374,-181.3599094087092,1001762930
sw,-79.9553298950195,-54.1199226379394,13.820876788184158,-184.31653882808757,1001779597
sw,-80.1429824829101,-51.0185012817382,7.229748555631999,-184.24991151018094,1001796264
sw,-80.1551361083984,-48.2207794189453,1.972461377894074,-180.3324884692599,1001812931
sw,-80.0087127685546,-45.7226982116699,-1.2933621523911376,-171.88670097544184,1001829598
sw,-79.8401336669921,-43.2857093811035,-1.9929668269853138,-158.5300155797608,1001846265
sw,-79.7962417602539,-41.1434631347656,0.12432971558780773,-140.20494745636285,1001862932
sw,-79.9141235351562,-39.5544929504394,4.832875861770663,-117.11831648337154,1001879599
sw,-80.1543426513671,-38.5580596923828,11.404386922090644,-89.64839547924399,1001896266
sw,-80.5324554443359,-38.1222381591796,18.712263588250124,-58.2952373262536,1001912933
sw,-80.9950561523437,-37.9617195129394,25.441641356084066,-23.739632719187288,1001929600
sw,-81.437759399414,-38.1241264343261,30.355236167130865,12.97315565444101,1001946267
sw,-81.8429336547851,-38.6189193725585,32.55047785647435,50.19040217478458,1001962934
sw,-82.2655639648437,-39.4627151489257,31.646550321623028,85.49192631617878,1001979601
sw,-82.6800308227539,-40.9727325439453,27.860158470831394,115.77813640845076,1001996268
sw,-83.0237197875976,-43.3665008544921,21.956026187059887,137.70956812836755,1002012935
sw,-83.2556686401367,-46.1195678710937,15.08207403864151,148.4650126337762,1002029602
sw,-83.3831634521484,-49.5377349853515,8.51723798838883,146.62512771426583,1002046269
sw,-83.3596115112304,-52.8582763671875,3.3745400525737126,132.8750408374219,1002062936
sw,-83.1576843261718,-55.7818794250488,0.31498957902311886,110.21197373127781,1002079603
sw,-82.9108581542968,-56.5394325256347,-0.6632313277867476,83.47041728384526,1002096270
sw,-82.7813491821289,-56.3638610839843,-0.2982295078532804,58.22037960363302,1002112937
sw,-82.7548904418945,-55.8346672058105,0.038614425958212295,39.36742627754457,1002129604
sw,-82.7298889160156,-55.5980186462402,-1.3843202611089578,29.942218999218706,1002146271
sw,-82.6027221679687,-56.719253540039,-6.27564702824835,30.499877116491295,1002162938
sw,-82.3364562988281,-58.5451431274414,-15.922028309900446,39.27944179366615,1002179605
sw,-82.1231155395507,-59.9979858398437,-30.868256902088568,52.9587777268477,1002196272
sw,-82.02001953125,-61.240364074707,-50.74579749181362,67.65685443142064,1002212939
sw,-81.6616287231445,-62.1792068481445,-74.2872891316087,79.85379586927223,1002229606
sw,-80.9402847290039,-63.6406021118164,-99.53000813392026,87.04787857471798,1002246273
sw,-79.6189956665039,-65.8275909423828,-124.1690656015752,88.11038266363464,1002262940
sw,-77.9663162231445,-67.8527526855468,-145.9815025392323,83.35108689677503,1002279607
sw,-76.2546234130859,-69.0951843261718,-163.22633112752555,74.29914065797223,1002296274
sw,-73.2789459228515,-69.6147537231445,-174.93420751621494,63.22274803115599,1002312941
sw,-69.709976196289,-69.9615325927734,-181.01546355213807,52.49133950905803,1002329608
sw,-67.1091690063476,-70.5310440063476,-182.1371399190986,43.96719905366516,1002346275
sw,-65.2529067993164,-71.1183547973632,-179.3788274084511,38.617382498035354,1002362942
sw,-62.9563598632812,-71.8293685913086,-173.77745033723872,36.444780938056276,1002379609
sw,-59.9606056213378,-72.6950149536132,-165.94411831651166,36.70785695443363,1002396276
sw,-56.8050537109375,-73.4721755981445,-155.9023434955094,38.30377043412056,1002412943
sw,-53.9516525268554,-74.3026657104492,-143.16983746357045,40.162822925569664,1002429610
sw,-51.7169303894043,-75.072509765625,-126.98864839296519,41.53447498586835,1002446277
sw,-50.1806488037109,-75.5760955810546,-106.58363956981609,42.1071725760334,1002462944
sw,-49.0268821716308,-76.1524429321289,-81.38746390217209,41.96669380818214,1002479611
sw,-48.2179069519043,-76.8576202392578,-51.23951438871823,41.44197422909322,1002496278
sw,-47.8737411499023,-77.517951965332,-16.58739719396792,40.906191619464124,1002512945
sw,-48.2516822814941,-78.1458740234375,21.31412919005474,40.597281649342875,1002529612
sw,-48.97456741333,-78.7543716430664,60.26651105888098,40.505351466729294,1002546279
sw,-49.9886856079101,-79.3627777099609,97.15161462485848,40.352205575600976,1002562946
sw,-51.6233940124511,-79.9731521606445,128.21592667850967,39.66273368049346,1002579613
sw,-53.9488067626953,-80.5431060791015,149.66226455138116,37.90208610040577,1002596280
sw,-57.3053703308105,-81.0467834472656,158.48875003449984,34.633890569911244,1002612947
sw,-60.5126838684082,-81.4103927612304,153.37860556173106,29.651075679621588,1002629614
sw,-63.6149559020996,-81.6128768920898,135.34639137233393,23.043485522961753,1002646281
sw,-65.9935913085937,-81.750503540039,107.85661905692753,15.188050967503134,1002662948
sw,-66.8363647460937,-81.9305572509765,76.2716900141705,6.6663393425107715,1002679615
sw,-66.9179153442382,-82.0825042724609,46.713637657398195,-1.875452121410596,1002696282
sw,-66.4515609741211,-82.0989532470703,24.647053700542756,-9.902317003295865,1002712949
sw,-66.0601196289062,-81.9712219238281,13.610458839535365,-17.16715441681997,1002729616
sw,-65.7373123168945,-81.7395401000976,14.482668148371152,-23.834978160896714,1002746283
sw,-66.4924697875976,-81.4164810180664,25.484546985834967,-30.495136311270965,1002762950
sw,-68.175796508789,-81.0146713256836,42.862849894952625,-38.02668500867615,1002779617
sw,-69.442138671875,-80.5174942016601,61.98552123311457,-47.33627956365294,1002796284
sw,-70.7462005615234,-79.856948852539,78.48495479880468,-59.04814647667565,1002812951
sw,-72.3734970092773,-78.8140869140625,89.14186791241404,-73.2597631977914,1002829618
sw,-73.9811859130859,-77.2315597534179,92.34899644177614,-89.46214944494005,1002846285
sw,-75.2880554199218,-75.1537094116211,88.14095414510172,-106.66018580510068,1002862952
sw,-76.1875610351562,-72.4823684692382,77.87729305111058,-123.64239469993852,1002879619
sw,-76.8465423583984,-69.663589477539,63.72177731731619,-139.2834015698304,1002896286
sw,-77.3523559570312,-66.9421157836914,48.078131054947725,-152.75248801749942,1002912953
sw,-77.8163223266601,-64.1907043457031,33.117081779346826,-163.5569945361381,1002929620
sw,-78.1551055908203,-61.7023162841796,20.46966858980454,-171.44087114851214,1002946287
sw,-78.379409790039,-59.1741523742675,11.096102242451847,-176.23304184114224,1002962954
sw,-78.6055145263671,-56.3353385925293,5.2968097824897225,-177.75233541671818,1002979621
sw,-78.9112014770507,-53.25874710083,2.8205959396479705,-175.8193389636958,1002996288
sw,-79.1078186035156,-50.3460540771484,3.0309081751633027,-170.34046986906213,1003012955
sw,-79.1817855834961,-47.8750839233398,5.098180978972083,-161.3767535677487,1003029622
sw,-79.3108749389648,-45.7570037841796,8.188030520187978,-149.12577228601998,1003046289
sw,-79.5177841186523,-43.8764610290527,11.614874378550345,-133.8129733333857,1003062956
sw,-79.8192443847656,-42.1999359130859,14.933596033180743,-115.55544041940044,1003079623
sw,-80.2175369262695,-40.9457473754882,17.95261500087447,-94.28607669377011,1003096290
sw,-80.6289596557617,-40.1050071716308,20.671398183803163,-69.80507573559426,1003112957
sw,-80.9485473632812,-39.6316871643066,23.168501338684152,-41.97849948166809,1003129624
sw,-81.2324981689453,-39.5373497009277,25.48237452174222,-11.048795545012648,1003146291
sw,-81.5404663085937,-39.7799377441406,27.52841522645348,22.03130097093041,1003162958
sw,-81.9120635986328,-40.3111267089843,29.08112269904816,55.37058393668485,1003179625
sw,-82.3098907470703,-41.3097648620605,29.825802657689188,86.15449588483605,1003196292
sw,-82.7102737426757,-43.1109237670898,29.45998504198196,110.9973956767875,1003212959
sw,-83.093032836914,-45.5606880187988,27.808841343837656,126.62484215279486,1003229626
sw,-83.4337997436523,-48.1491317749023,24.91453633915246,130.7455868930096,1003246293
sw,-83.6649780273437,-51.2791595458984,21.065996522871785,122.85975033474395,1003262960
sw,-83.7626953125,-53.945140838623,16.751748053483155,104.7100469432669,1003279627
sw,-83.7253036499023,-55.8901443481445,12.541602069924638,80.14796654740614,1003296294
sw,-83.5990219116211,-55.9773178100585,8.92622428182481,54.35779298935146,1003312961
sw,-83.542724609375,-55.4988136291503,6.157523688159452,32.618681650867,1003329628
sw,-83.5446624755859,-54.8945236206054,4.131163011336584,18.993599245411456,1003346295
sw,-83.4167098999023,-54.6814422607421,2.338089023412581,15.394867999949485,1003362962
sw,-83.1725158691406,-55.5637779235839,-0.1033726933531501,21.332916261986163,1003379629
sw,-82.8381271362304,-57.5679016113281,-4.329203767298615,34.370796701036454,1003396296
sw,-82.6518020629882,-59.4090538024902,-11.522264145352514,51.02979499416055,1003412963
sw,-82.7289428710937,-60.3800621032714,-22.632413330514552,67.76279304661176,1003429630
sw,-82.9184494018554,-61.3537521362304,-38.081778664484695,81.6838076836652,1003446297
sw,-82.923713684082,-62.7553825378418,-57.54658582778589,90.93939151749919,1003462964
sw,-82.5641784667968,-64.7256698608398,-79.89903528398592,94.78208287826992,1003479631
sw,-81.6856842041015,-66.8700485229492,-103.34261818007681,93.45949346137444,1003496298
sw,-80.3008956909179,-68.6229400634765,-125.7151037024367,87.98953714693694,1003512965
sw,-78.6316452026367,-69.6849899291992,-144.89435743722663,79.84729049482094,1003529632
sw,-76.3821258544921,-70.4787139892578,-159.22380133387543,70.59990693204652,1003546299
sw,-72.9661178588867,-71.334114074707,-167.86029948538322,61.5692085166951,1003562966
sw,-69.5174713134765,-72.2520370483398,-170.93542113998922,53.61606506861513,1003579633
sw,-67.1670532226562,-73.064697265625,-169.44159850324496,47.098070448597504,1003596300
sw,-65.2839660644531,-73.8978195190429,-164.8412665071797,41.97914376663836,1003612967
sw,-63.0678558349609,-74.6843490600586,-158.5259368155526,38.01434528286098,1003629634
sw,-60.5577354431152,-75.309585571289,-151.33471522799437,34.92278411539062,1003646301
sw,-57.8966941833496,-75.9197235107421,-143.3081424435112,32.49180214111254,1003662968
sw,-55.1863403320312,-76.3592376708984,-133.7291710838308,30.602708909125415,1003679635
sw,-53.062644958496,-76.7963790893554,-121.38142258053465,29.204909699112306,1003696302
sw,-51.5048294067382,-77.3703460693359,-104.90648923321405,28.27511002269596,1003712969
sw,-50.1882781982421,-77.9601287841796,-83.16813774677136,27.78394668570714,1003729636
sw,-49.3371276855468,-78.4697036743164,-55.58276923578047,27.67113531115114,1003746303
sw,-48.9717674255371,-78.9178619384765,-22.40290797752101,27.82054368477725,1003762970
sw,-49.2177124023437,-79.3505935668945,15.070079261694262,28.034158224753945,1003779637
sw,-49.8747673034668,-79.7618103027343,54.397442769450116,28.01836479379111,1003796304
sw,-50.8789901733398,-80.1729354858398,92.11444015344038,27.402151446355887,1003812971
sw,-52.4736442565918,-80.6356964111328,124.11186548232507,25.797838129928603,1003829638
sw,-54.8030052185058,-81.1138534545898,146.30748734455872,22.89491130068778,1003846305
sw,-58.2184295654296,-81.5326232910156,155.52643509998973,18.556980672398414,1003862972
sw,-61.2546997070312,-81.780403137207,150.38652639892555,12.882172091460253,1003879639
sw,-64.0567169189453,-81.8152542114257,131.90402291141808,6.195348760586589,1003896306
sw,-66.268814086914,-81.8127365112304,103.56060138037408,-1.036127415612521,1003912973
sw,-67.2515563964843,-81.7668151855468,70.71590073708266,-8.344328657538101,1003929640
sw,-66.9997863769531,-81.5832443237304,39.46523614605843,-15.422580153424516,1003946307
sw,-66.0891036987304,-81.2352294921875,15.250305910092944,-22.261402135743438,1003962974
sw,-65.4218139648437,-80.5962753295898,1.6458181840310886,-29.212431593419392,1003979641
sw,-64.9396362304687,-79.7885284423828,-0.2980208469722831,-36.94168032594599,1003996308
sw,-65.5823898315429,-79.1022491455078,8.021780607599839,-46.256992564240896,1004012975
sw,-67.1815948486328,-78.526611328125,23.475903368516185,-57.83994869287287,1004029642
sw,-68.3535537719726,-77.8151168823242,42.23482675689841,-71.96764671658472,1004046309
sw,-69.3025436401367,-76.68798828125,60.73197009951809,-88.34158112857124,1004062976
sw,-70.5137252807617,-74.8464813232421,76.28126398311205,-106.1153655818911,1004079643
sw,-71.7399749755859,-72.1005859375,87.27351024057296,-124.12663866200431,1004096310
sw,-72.8309860229492,-68.9280700683593,93.04807418123347,-141.2309201837575,1004112977
sw,-73.9051895141601,-65.8270187377929,93.61388505965563,-156.5712870725696,1004129644
sw,-75.0964431762695,-62.7159805297851,89.38301960910596,-169.64606899131343,1004146311
sw,-76.3448715209961,-59.6479263305664,81.01516496514017,-180.15094142966564,1004162978
sw,-77.4729080200195,-57.1240921020507,69.38518140304527,-187.70736266609467,1004179645
sw,-78.4306716918945,-54.3140640258789,55.614117854613426,-191.66367979016454,1004196312
sw,-79.2576675415039,-50.9495124816894,41.07613576939907,-191.11894472172895,1004212979
sw,-79.8933181762695,-47.3854217529296,27.314866283054275,-185.18740074779473,1004229646
sw,-80.2311630249023,-44.2269554138183,15.852641231504478,-173.37177458040492,1004246313
sw,-80.039306640625,-41.7755393981933,7.929412750152969,-155.8422948181355,1004262980
sw,-79.7185516357421,-39.9742240905761,4.247281916549423,-133.46964507218297,1004279647
sw,-79.6356887817382,-38.6299095153808,4.807823704998094,-107.59297228024792,1004296314
sw,-79.8478393554687,-37.7621765136718,8.903724115651412,-79.6335808505299,1004312981
sw,-80.2518997192382,-37.4218139648437,15.2721983372731,-50.72821857750574,1004329648
sw,-80.7955322265625,-37.5454063415527,22.36396362344016,-21.540266759993326,1004346315
sw,-81.3913192749023,-37.8383255004882,28.654709419160135,7.667274594057116,1004362982
sw,-81.9825439453125,-38.3967208862304,32.928818925415634,36.71841362840787,1004379649
sw,-82.5144958496093,-39.1003341674804,34.4823976711015,65.09741734987902,1004396316
sw,-82.9788436889648,-40.1314811706543,33.21220189959043,91.60470638113787,1004412983
sw,-83.3855285644531,-41.83740234375,29.577893251785216,114.2883830250861,1004429650
sw,-83.7324676513671,-44.3121452331543,24.449308429578153,130.75516193441254,1004446317
sw,-83.9717559814453,-47.0282974243164,18.87458075530451,138.81340061692958,1004462984
sw,-84.0509033203125,-50.1583137512207,13.821433441306809,137.2484539394088,1004479651
sw,-83.9598007202148,-53.099681854248,9.948234440766532,126.44408681470243,1004496318
sw,-83.8210830688476,-55.6486740112304,7.45382032217786,108.58300681845252,1004512985
sw,-83.7375946044921,-56.8022003173828,6.036903719611473,87.28722769159769,1004529652
sw,-83.7727584838867,-56.8091278076171,4.968067043454159,66.76454162342267,1004546319
sw,-83.861099243164,-56.59814453125,3.246016853705962,50.73912007380627,1004562986
sw,-83.9017868041992,-56.9230613708496,-0.21108866080372954,41.553332349757156,1004579653
sw,-83.7749938964843,-58.4999237060546,-6.3856734608707955,39.751862642806316,1004596320
sw,-83.4068527221679,-59.9669799804687,-16.013707372247914,44.22817104709919,1004612987
sw,-82.9473419189453,-61.1122360229492,-29.46494238226784,52.771224907505164,1004629654
sw,-82.6278381347656,-62.2336463928222,-46.639726254743266,62.74220651643129,1004646321
sw,-82.244758605957,-63.1080513000488,-66.89512587908861,71.66549444607931,1004662988
sw,-81.5571060180664,-64.5013961791992,-89.04135805968316,77.64603087760142,1004679655
sw,-80.5406341552734,-66.3048400878906,-111.44987206022886,79.61596268505704,1004696322
sw,-79.0974502563476,-67.9676818847656,-132.2813970423984,77.42613425645723,1004712989
sw,-77.3943939208984,-69.1112899780273,-149.80054696681486,71.77315175045446,1004729656
sw,-75.1296234130859,-69.8765106201171,-162.71212120827326,63.95570105628387,1004746323
sw,-71.7295989990234,-70.6825408935546,-170.42898029776754,55.5046399682025,1004762990
sw,-68.5138626098632,-71.5124740600586,-173.16524093532917,47.789165202183725,1004779657
sw,-66.5474243164062,-72.0951919555664,-171.77694344991653,41.71550833239464,1004796324
sw,-64.8689956665039,-72.6972045898437,-167.3746980852225,37.59609978725799,1004812991
sw,-62.6421585083007,-73.4623413085937,-160.86478055594904,35.203570354376616,1004829658
sw,-59.8640213012695,-74.2306213378906,-152.6298818297209,33.965042039420695,1004846325
sw,-56.8947601318359,-75.0080413818359,-142.4780209454205,33.215144477602635,1004862992
sw,-54.1307487487793,-75.6437911987304,-129.8289078586629,32.420327724205706,1004879659
sw,-52.2005004882812,-76.1191177368164,-113.99440352595103,31.31212793858519,1004896326
sw,-50.964427947998,-76.5940780639648,-94.41343951898456,29.909066701879556,1004912993
sw,-50.0083503723144,-77.0762329101562,-70.79175901930647,28.445127542135303,1004929660
sw,-49.431827545166,-77.5424728393554,-43.18780318315445,27.243523326924592,1004946327
sw,-49.3034706115722,-78.0341720581054,-12.112569070107794,26.5774394114976,1004962994
sw,-49.6263313293457,-78.5022583007812,21.33122338142481,26.552827500554834,1004979661
sw,-50.165786743164,-78.8932800292968,55.31672488518337,27.039612712771945,1004996328
sw,-51.0594482421875,-79.2740783691406,87.2691175156959,27.66886692581302,1005012995
sw,-52.6329498291015,-79.7242126464843,114.06202520278238,27.90217982504565,1005029662
sw,-54.7392234802246,-80.1909561157226,132.49374357637245,27.162728161219455,1005046329
sw,-57.7306251525878,-80.6162796020507,139.99439305470068,24.997179094294427,1005062996
sw,-60.4735679626464,-80.9786224365234,135.39003086276446,21.221784948091408,1005079663
sw,-62.7502670288085,-81.2475891113281,119.47157596507571,16.003921908830762,1005096330
sw,-64.8436203002929,-81.4071960449218,95.13400008684873,9.844586947242355,1005112997
sw,-66.1070175170898,-81.5464630126953,66.96530000721987,3.453354353527226,1005129664
sw,-66.3193893432617,-81.5871124267578,40.333792263469256,-2.4625739913035014,1005146331
sw,-65.6986465454101,-81.5198287963867,20.192887142838977,-7.445790068002832,1005162998
sw,-65.1929473876953,-81.2520141601562,9.940602377276814,-11.502497663593722,1005179665
sw,-64.8457107543945,-80.8634185791015,10.682407791504012,-15.205419679567111,1005196332
sw,-65.086311340332,-80.5550689697265,21.124266140804206,-19.624560081021635,1005212999
sw,-66.5794296264648,-80.3276062011718,38.10421786698267,-26.071611754960266,1005229666
sw,-68.3825302124023,-80.0855941772461,57.547165321177005,-35.71428594747959,1005246333
sw,-69.5284957885742,-79.6639862060546,75.50056540746343,-49.182327748774995,1005263000
sw,-70.767219543457,-78.8034362792968,88.9357939512613,-66.31083740003038,1005279667
sw,-72.3185119628906,-77.3476486206054,96.15124793021829,-86.12732544917343,1005296334
sw,-73.7915725708007,-75.1049423217773,96.78728285297095,-107.09574448050053,1005313001
sw,-75.028579711914,-72.1535034179687,91.56981527614593,-127.521736161355,1005329668
sw,-76.0925979614257,-69.1975860595703,81.92394579557708,-145.95142322434614,1005346335
sw,-76.9772186279296,-66.3479766845703,69.57672428249779,-161.4043010246509,1005363002
sw,-77.7595443725586,-63.5122985839843,56.22913774622008,-173.3724673730087,1005379669
sw,-78.4449691772461,-60.7167015075683,43.33372093170667,-181.64403667225167,1005396336
sw,-78.9450302124023,-58.0006065368652,31.976465841584467,-186.09274653443333,1005413003
sw,-79.3042678833007,-54.9619445800781,22.841393863636238,-186.56955782867328,1005429670
sw,-79.6396713256836,-51.7263259887695,16.234568228277897,-182.94530897033408,1005446337
sw,-79.8683624267578,-48.6994819641113,12.149850343420306,-175.2451972640533,1005463004
sw,-79.935806274414,-46.222972869873,10.359204441460387,-163.75556708914522,1005479671
sw,-79.8983001708984,-44.0768318176269,10.505983155453707,-149.00621745507354,1005496338
sw,-79.9013748168945,-42.2389526367187,12.179297282523997,-131.61475658464826,1005513005
sw,-80.0331649780273,-40.7426986694335,14.955949954954075,-112.06528309102835,1005529672
sw,-80.2874450683593,-39.6454124450683,18.41007224898425,-90.53516606758616,1005546339
sw,-80.6033020019531,-38.8384971618652,22.103645771952237,-66.87028346754941,1005563006
sw,-80.9529571533203,-38.2359313964843,25.57849728721822,-40.754321612895275,1005579673
sw,-81.2899932861328,-38.0484580993652,28.368195239018807,-12.041906425037153,1005596340
sw,-81.5873489379882,-38.3357620239257,30.036772375490553,18.847385125124568,1005613007
sw,-81.8932037353515,-38.9352493286132,30.237072466607277,50.62028306313456,1005629674
sw,-82.2405624389648,-40.0047149658203,28.773259682257564,81.02847483553464,1005646341
sw,-82.5645217895507,-41.7084274291992,25.651902666898305,107.10391476808901,1005663008
sw,-82.8299942016601,-44.0240974426269,21.109066857972206,125.71004317470302,1005679675
sw,-83.0351943969726,-46.3501815795898,15.601675872821644,134.30334179428434,1005696342
sw,-83.1534118652343,-49.3778038024902,9.750768775756525,131.71025850526723,1005713009
sw,-83.1414184570312,-52.3407363891601,4.228944681248639,118.67831577225178,1005729676
sw,-82.9971160888671,-54.8629837036132,-0.3995315314468755,97.97785571575903,1005746343
sw,-82.7816772460937,-55.7754287719726,-3.8526559072622177,73.9320677869746,1005763010
sw,-82.5477294921875,-55.5388603210449,-6.265767643240772,51.44053666710059,1005779677
sw,-82.3579177856445,-55.2165222167968,-8.236410617645534,34.77858453820053,1005796344
sw,-82.1772994995117,-55.0213356018066,-10.754456932572001,26.58196420675954,1005813011
sw,-81.9098815917968,-55.8789825439453,-15.031478222552678,27.364905621385653,1005829678
sw,-81.5149002075195,-57.90132522583,-22.269494281793026,35.685073126472886,1005846345
sw,-81.1101150512695,-59.4469604492187,-33.41006252178826,48.795373103652715,1005863012
sw,-80.9319610595703,-60.3577728271484,-48.8945079445438,63.467678910232166,1005879679
sw,-80.7271881103515,-61.3293342590332,-68.47055442741707,76.70798955994292,1005896346
sw,-80.3121490478515,-62.625389099121,-91.09996533800887,86.24049290618406,1005913013
sw,-79.4073867797851,-64.4990234375,-115.02560715800652,90.77748450593839,1005929680
sw,-77.9001235961914,-66.7669677734375,-138.02198711217738,90.12196717360099,1005946347
sw,-76.1301193237304,-68.7306442260742,-157.79339087628532,85.09941545475364,1005963014
sw,-73.5995788574218,-69.8354187011718,-172.42786643957345,77.2839832326977,1005979681
sw,-70.0607376098632,-70.3902511596679,-180.78189220472086,68.53625664148878,1005996348
sw,-66.8744506835937,-71.0431442260742,-182.66975443096348,60.47378758855886,1006013015
sw,-64.5950546264648,-71.8373184204101,-178.7807792505886,54.06012021963876,1006029682
sw,-62.7398796081543,-72.6709289550781,-170.35188084690347,49.45958385919055,1006046349
sw,-60.2477111816406,-73.6989212036132,-158.7346072582609,46.18530505783055,1006063016
sw,-57.137954711914,-74.7833404541015,-145.03093109241613,43.44408231229401,1006079683
sw,-54.5437774658203,-75.760269165039,-129.89836003210033,40.5187482159634,1006096350
sw,-52.7345657348632,-76.4491271972656,-113.51127620093794,37.0427159366878,1006113017
sw,-51.2991561889648,-76.8677368164062,-95.61115345798302,33.089367643131375,1006129684
sw,-50.2353401184082,-77.2956848144531,-75.60813045383217,29.08142570111791,1006146351
sw,-49.5375595092773,-77.6972579956054,-52.75048136148047,25.586600406585877,1006163018
sw,-49.1267166137695,-78.1106185913086,-26.391976904375866,23.087462984436453,1006179685
sw,-49.0497360229492,-78.5710372924804,3.651908459489446,21.799721465571057,1006196352
sw,-49.6082534790039,-78.9854888916015,36.73009006820797,21.581876402382655,1006213019
sw,-50.4298133850097,-79.3260421752929,71.08570649474444,21.948430437581717,1006229686
sw,-51.4903297424316,-79.6453781127929,103.82709612389225,22.176966026338825,1006246353
sw,-53.1876411437988,-79.9864730834961,131.24680257292223,21.485063396235887,1006263020
sw,-56.0077629089355,-80.3476257324218,149.51030784034003,19.240522598549443,1006279687
sw,-59.2882080078125,-80.637710571289,155.60198769200662,15.155886744844716,1006296354
sw,-62.4583168029785,-80.8634338378906,148.27516773888678,9.411440539027428,1006313021
sw,-65.5254516601562,-80.9723281860351,128.6805584055709,2.6579087913923325,1006329688
sw,-67.6308441162109,-80.9318695068359,100.40033498666418,-4.125283157714755,1006346355
sw,-68.2858505249023,-80.8098678588867,68.79190190368246,-9.901496685666787,1006363022
sw,-67.9830551147461,-80.5499038696289,39.785850291982065,-13.919397863218506,1006379689
sw,-67.3672485351562,-80.0874786376953,18.49238563749969,-16.030928855402387,1006396356
sw,-66.8376159667968,-79.4923782348632,8.053797417077725,-16.873486756600855,1006413023
sw,-66.9498748779296,-79.048828125,9.089482156005078,-17.824365734227392,1006429690
sw,-67.9571304321289,-78.9128341674804,19.851448507180713,-20.697463592885953,1006446357
sw,-69.3332061767578,-78.9066543579101,36.94865490377387,-27.246402619426128,1006463024
sw,-70.3779220581054,-78.7521286010742,56.327132856216814,-38.628392649851484,1006479691
sw,-71.4925155639648,-78.0928573608398,74.17763475435288,-55.02065117350126,1006496358
sw,-72.7435607910156,-76.7858047485351,87.56167657494036,-75.53588164824393,1006513025
sw,-73.9873809814453,-74.7005462646484,94.70836788300402,-98.46739017793642,1006529692
sw,-75.261489868164,-71.8939590454101,95.04807496500112,-121.75900798421452,1006546359
sw,-76.5903854370117,-68.9028778076171,89.08252811714385,-143.5046041856749,1006563026
sw,-77.8571701049804,-65.9294967651367,78.16573537185248,-162.28311170144008,1006579693
sw,-78.7902908325195,-62.98872756958,64.22672819772352,-177.2302929247237,1006596360
sw,-79.4305953979492,-60.1028251647949,49.44020538257523,-187.88874325213885,1006613027
sw,-79.7898025512695,-57.3424568176269,35.861731922114146,-193.98483862363733,1006629694
sw,-79.9854125976562,-54.208267211914,25.078873864097375,-195.29448626499493,1006646361
sw,-80.2606811523437,-50.5680885314941,17.957466245081818,-191.67257173852397,1006663028
sw,-80.4862365722656,-47.2404975891113,14.555768354320753,-183.19011266057805,1006679695
sw,-80.5867538452148,-44.6420631408691,14.233199468091978,-170.23750750745188,1006696362
sw,-80.6812438964843,-42.5612716674804,15.9142861289463,-153.47360146609824,1006713029
sw,-80.847427368164,-40.8234214782714,18.415152038369616,-133.61110806147212,1006729696
sw,-81.0482940673828,-39.4181900024414,20.725979563435473,-111.14665423079781,1006746363
sw,-81.2468872070312,-38.3704986572265,22.174042523240495,-86.1924784559221,1006763030
sw,-81.3673095703125,-37.7114944458007,22.449891930189175,-58.529208292037495,1006779697
sw,-81.4336242675781,-37.3036918640136,21.53243421692664,-27.905833317612082,1006796364
sw,-81.4700241088867,-37.379653930664,19.572321210180704,5.493541440386095,1006813031
sw,-81.5044250488281,-37.8547286987304,16.785300696814026,40.581015960915344,1006829698
sw,-81.5896377563476,-38.6209678649902,13.384752622609039,75.09546100199451,1006846365
sw,-81.7571182250976,-40.009464263916,9.562129305087637,105.70538173867547,1006863032
sw,-81.9608764648437,-42.3408241271972,5.509005832818371,128.56028180108504,1006879699
sw,-82.1623916625976,-45.1808433532714,1.4609508830209341,140.21567832090804,1006896366
sw,-82.3602066040039,-48.4068031311035,-2.2679636932155782,138.69489694795143,1006913033
sw,-82.5043106079101,-51.6649055480957,-5.293221362918354,124.34295324750813,1006929700
sw,-82.5168533325195,-54.4239387512207,-7.230221176305131,100.1308597010287,1006946367
sw,-82.4046478271484,-55.4801940917968,-7.8197878443791256,71.20502932076157,1006963034
sw,-82.2601089477539,-54.9805374145507,-7.072843149359325,43.72518985394703,1006979701
sw,-82.2089538574218,-54.2962646484375,-5.3833009385202795,23.317434222655276,1006996368
sw,-82.2150802612304,-53.6570587158203,-3.5664584379274946,13.654386459785675,1007013035
sw,-82.0226745605468,-53.6315689086914,-2.80387138630669,15.645933981315666,1007029702
sw,-81.6512756347656,-55.0350074768066,-4.495164204775686,27.478832151289232,1007046369
sw,-81.4387893676757,-57.3269386291503,-10.02387514468283,45.405455819493966,1007063036
sw,-81.423843383789,-58.8091392517089,-20.455097508667812,64.91951689566717,1007079703
sw,-81.4645004272461,-60.0738296508789,-36.21608014264414,81.88805955214941,1007096370
sw,-81.4466400146484,-61.1783866882324,-56.852580795517596,93.33992953951922,1007113037
sw,-81.2158660888671,-62.874698638916,-80.96384106985037,97.82782210593386,1007129704
sw,-80.3689575195312,-65.0610809326171,-106.37670175263946,95.43571551630376,1007146371
sw,-78.8955841064453,-67.1490402221679,-130.5422532554452,87.53314208241423,1007163038
sw,-76.9133148193359,-68.4443969726562,-151.06086353970477,76.33994182543543,1007179705
sw,-74.1808471679687,-69.1257934570312,-166.18966563900725,64.35596216671557,1007196372
sw,-70.8577728271484,-69.5910568237304,-175.17478994886244,53.75989668758009,1007213039
sw,-67.9062728881836,-70.2165222167968,-178.28879818731514,45.93393316377735,1007229706
sw,-65.8486099243164,-71.0699081420898,-176.5476835096832,41.254971238449436,1007246373
sw,-63.8616828918457,-71.8148574829101,-171.21155691231655,39.199250984289506,1007263040
sw,-61.3253784179687,-72.6226043701171,-163.27469130770407,38.69070666728384,1007279707
sw,-58.5155487060546,-73.5036315917968,-153.15009974544412,38.54824379736395,1007296374
sw,-55.6189270019531,-74.4661102294921,-140.64139657605185,37.87833490058716,1007313041
sw,-53.0956687927246,-75.1907272338867,-125.14754769537345,36.30255288956475,1007329708
sw,-51.4234962463378,-75.5580291748046,-105.96247276821872,33.97852155429663,1007346375
sw,-50.2602844238281,-75.9391479492187,-82.54857100633576,31.444168805975366,1007363042
sw,-49.4647560119628,-76.3225860595703,-54.7401153039516,29.36708379100256,1007379709
sw,-49.1641502380371,-76.8179092407226,-22.89731446732085,28.295028062847766,1007396376
sw,-49.3561897277832,-77.3919830322265,11.958481450975803,28.479401617440686,1007413043
sw,-50.0422286987304,-77.9599609375,48.03587084714692,29.800699255109986,1007429710
sw,-51.0741157531738,-78.4902877807617,82.74809765102188,31.78910172082841,1007446377
sw,-52.5096282958984,-78.9668960571289,112.85796835237112,33.71748072088156,1007463044
sw,-54.2612419128418,-79.4527740478515,134.86816533437766,34.744460945761,1007479711
sw,-56.6520347595214,-79.9793624877929,145.66927427505985,34.08858690737104,1007496378
sw,-59.9777755737304,-80.5220565795898,143.3484993771759,31.210416074784085,1007513045
sw,-62.7379989624023,-81.0127944946289,127.94160624431228,25.96738866486351,1007529712
sw,-65.1935043334961,-81.3820877075195,101.84505445009141,18.696315483447226,1007546379
sw,-66.2969589233398,-81.6281127929687,69.65490357314016,10.182046180973382,1007563046
sw,-66.8101196289062,-81.699722290039,37.36762412326353,1.4939933255696474,1007579713
sw,-66.3269882202148,-81.6203308105468,11.100906630060306,-6.28902498046911,1007596380
sw,-65.4083938598632,-81.3630981445312,-4.322447275542641,-12.402290298007873,1007613047
sw,-64.5463714599609,-80.9560623168945,-6.510040000604204,-16.672681033953705,1007629714
sw,-63.9407196044921,-80.5889282226562,3.9957879791406214,-19.65210485016241,1007646381
sw,-64.5357055664062,-80.2559356689453,24.00193991067844,-22.540955681944403,1007663048
sw,-66.5524749755859,-79.9520874023437,48.63350848383636,-26.898817367589345,1007679715
sw,-68.4339523315429,-79.5867538452148,72.6534752215728,-34.2137655696469,1007696382
sw,-69.8017196655273,-79.1317062377929,91.70152616937638,-45.458652994672306,1007713049
sw,-71.3803634643554,-78.3747329711914,103.10446448854907,-60.779009542818415,1007729716
sw,-73.0960464477539,-77.0525436401367,106.1183757870536,-79.42228102345895,1007746383
sw,-74.5702972412109,-75.0822677612304,101.66894937119243,-99.93783553644366,1007763050
sw,-75.5973281860351,-72.3204193115234,91.77466025594914,-120.57523497990438,1007779717
sw,-76.3348083496093,-69.4056015014648,78.8668373998165,-139.72593546030453,1007796384
sw,-76.942153930664,-66.535888671875,65.19559919229549,-156.2360113390164,1007813051
sw,-77.5281829833984,-63.7274055480957,52.449831086349626,-169.4843989045011,1007829718
sw,-78.2335052490234,-60.9136238098144,41.632817439840714,-179.24236390322818,1007846385
sw,-78.9140930175781,-58.2772560119628,33.14790113474648,-185.43627164405692,1007863052
sw,-79.6221237182617,-55.3072929382324,26.99442389187084,-187.96502630301953,1007879719
sw,-80.186408996582,-52.0842666625976,22.970423135165188,-186.66299066325465,1007896386
sw,-80.5256042480468,-49.0287704467773,20.81383576570011,-181.39289965514854,1007913053
sw,-80.5744400024414,-46.4777908325195,20.261170650117215,-172.17246507632998,1007929720
sw,-80.4792785644531,-44.130630493164,21.039775438327258,-159.231325674292,1007946387
sw,-80.4238204956054,-41.9693946838378,22.8286240496592,-142.9529413496407,1007963054
sw,-80.5136184692382,-40.3026313781738,25.224333906449782,-123.72998280951897,1007979721
sw,-80.7437133789062,-39.0991096496582,27.739290715271018,-101.81073131263156,1007996388
sw,-81.0399627685546,-38.2679595947265,29.84252659108277,-77.22641483438282,1008013055
sw,-81.2900619506836,-37.6593704223632,31.03473698551918,-49.86664487093743,1008029722
sw,-81.4482040405273,-37.3422584533691,30.931967801946527,-19.714800938223757,1008046389
sw,-81.5604095458984,-37.5892372131347,29.32780207132337,12.818118680235386,1008063056
sw,-81.7099685668945,-38.2038383483886,26.21691316650373,46.58327919742917,1008079723
sw,-81.9132003784179,-39.2657661437988,21.78499135514942,79.54865155349012,1008096390
sw,-82.1502990722656,-40.8051948547363,16.383458268250873,108.92812374123577,1008113057
sw,-82.3829727172851,-43.1289749145507,10.501924306285092,131.62037546874592,1008129724
sw,-82.5937728881836,-45.7589416503906,4.7333531024108675,144.89271909741217,1008146391
sw,-82.8059844970703,-48.821720123291,-0.288067789213783,147.14532935830456,1008163058
sw,-82.9998321533203,-52.0315628051757,-3.995291105541965,138.5252533353156,1008179725
sw,-83.1194992065429,-55.0987930297851,-6.041000498727871,121.15716726271066,1008196392
sw,-83.1919403076171,-56.5427551269531,-6.459662117374308,98.83883091618505,1008213059
sw,-83.1866989135742,-56.7317810058593,-5.778460412225822,76.21614613342676,1008229726
sw,-83.0891189575195,-56.6982460021972,-5.016980661784387,57.66228604794978,1008246393
sw,-82.9654998779296,-56.9835205078125,-5.547492940627047,46.23205735263048,1008263060
sw,-82.7733001708984,-58.354621887207,-8.836510806597065,43.04089576184509,1008279727
sw,-82.4979476928711,-59.5517311096191,-16.12807835535046,47.22705511555377,1008296394
sw,-82.1849822998046,-60.8269615173339,-28.142250032097145,56.41826388269312,1008313061
sw,-81.9594192504882,-62.1329689025878,-44.85364860789872,67.479072678354,1008329728
sw,-81.6662902832031,-63.303108215332,-65.40272277560905,77.30427189676699,1008346395
sw,-81.1378936767578,-65.0657043457031,-88.17850551912618,83.4889942842968,1008363062
sw,-80.1760101318359,-67.0964736938476,-111.07964960770609,84.77072110018203,1008379729
sw,-78.8355331420898,-68.683853149414,-131.908389561625,81.17659869898733,1008396396
sw,-77.516845703125,-69.6986083984375,-148.80707100083123,73.85029803250886,1008413063
sw,-75.4996185302734,-70.4166488647461,-160.63163088212266,64.60775262440976,1008429730
sw,-72.3106918334961,-71.1874694824218,-167.16302260079456,55.36203263302363,1008446397
sw,-69.6311874389648,-72.0164260864257,-169.0762574712901,47.605440826061105,1008463064
sw,-67.933349609375,-72.7410812377929,-167.63902846898068,42.103970779800434,1008479731
sw,-65.9872894287109,-73.582649230957,-164.2156182813051,38.865158644289615,1008496398
sw,-63.546775817871,-74.4012145996093,-159.75821126370477,37.3375032922512,1008513065
sw,-60.9010467529296,-75.2512512207031,-154.48638384008493,36.731026503735436,1008529732
sw,-58.0272102355957,-76.0586929321289,-147.85764934006696,36.330887778124215,1008546399
sw,-55.1993103027343,-76.660171508789,-138.7886057240602,35.704417066308736,1008563066
sw,-53.0189094543457,-77.1682739257812,-125.99442641982698,34.75796851792917,1008579733
sw,-51.455337524414,-77.696044921875,-108.31593776828768,33.6587595386296,1008596400
sw,-50.2235717773437,-78.1868057250976,-84.97198222034655,32.67672050066361,1008613067
sw,-49.4304771423339,-78.698371887207,-55.74891131772366,32.013222227436074,1008629734
sw,-49.1990814208984,-79.2498092651367,-21.1675019969413,31.672647878412615,1008646401
sw,-49.4921722412109,-79.7835998535156,17.359989437323186,31.410986279588887,1008663068
sw,-50.0477142333984,-80.2689132690429,57.427355060495664,30.772229054712646,1008679735
sw,-50.9959259033203,-80.7080917358398,95.68223347322086,29.202537299546822,1008696402
sw,-52.6015739440918,-81.1595840454101,128.13185685208174,26.214668035521846,1008713069
sw,-55.1431503295898,-81.6105880737304,150.76161674522075,21.560730251478216,1008729736
sw,-58.4995880126953,-81.9579925537109,160.40088720086095,15.362121935643788,1008746403
sw,-61.7838630676269,-82.1114120483398,155.62459086236717,8.147802093750624,1008763070
sw,-64.8917236328125,-82.0713500976562,137.38598331033242,0.7716570026904824,1008779737
sw,-67.0929946899414,-82.0214462280273,109.10360419464126,-5.786169939550983,1008796404
sw,-67.9723892211914,-81.9610519409179,76.08333677185759,-10.692941108620804,1008813071
sw,-67.7305679321289,-81.7730941772461,44.38943946521254,-13.545238803796611,1008829738
sw,-67.1909942626953,-81.4626388549804,19.48991887506817,-14.581076118574403,1008846405
sw,-66.7963027954101,-81.0118789672851,5.094073522823583,-14.746595405384062,1008863072
sw,-66.7186660766601,-80.6114196777343,2.5235996292845106,-15.562843563794543,1008879739
sw,-67.5209732055664,-80.5662078857421,10.746853021338461,-18.787103432463955,1008896406
sw,-68.6116561889648,-80.6963806152343,26.961775682536185,-25.93829696290454,1008913073
sw,-69.4190521240234,-80.6154022216796,47.450619686589704,-37.83008563327725,1008929740
sw,-70.5116500854492,-79.9148025512695,68.41084676469299,-54.28333939233255,1008946407
sw,-71.8095932006836,-78.6117706298828,86.56950952791702,-74.13980328718073,1008963074
sw,-73.1054916381836,-76.6259841918945,99.53013464213883,-95.58306425086673,1008979741
sw,-74.513069152832,-73.9251861572265,105.9026415273134,-116.64494723399713,1008996408
sw,-76.0139923095703,-71.0969009399414,105.29921666870338,-135.6981528826988,1009013075
sw,-77.5002365112304,-68.348762512207,98.25674329008368,-151.74854671946395,1009029742
sw,-78.7058410644531,-65.586067199707,86.10129097125854,-164.44023738548785,1009046409
sw,-79.6269378662109,-62.8114929199218,70.73691855468397,-173.82527732472812,1009063076
sw,-80.1835403442382,-60.1094627380371,54.34385264618556,-180.0545294083187,1009079743
sw,-80.4517364501953,-57.2860603332519,39.009857105544775,-183.1612664550793,1009096410
sw,-80.7155532836914,-53.9987640380859,26.367817201514782,-183.02947047778676,1009113077
sw,-80.91552734375,-50.5509948730468,17.33674017699913,-179.51308721256558,1009129744
sw,-80.8535766601562,-47.8466300964355,12.041202845272782,-172.57811521058434,1009146411
sw,-80.7997360229492,-45.6110076904296,9.92506215270407,-162.33804868791154,1009163078
sw,-80.7900848388671,-43.5812606811523,10.010207473398744,-148.94364370815123,1009179745
sw,-80.9192428588867,-41.8028717041015,11.209105733962257,-132.40178446069743,1009196412
sw,-81.201675415039,-40.2683525085449,12.59412446812182,-112.45679756503725,1009213079
sw,-81.4974899291992,-39.0112800598144,13.555655559630244,-88.64343953038797,1009229746
sw,-81.6589431762695,-38.0627517700195,13.830735584753912,-60.54096410143237,1009246413
sw,-81.6932144165039,-37.59810256958,13.431404383496838,-28.16652252723839,1009263080
sw,-81.666145324707,-37.7427711486816,12.527418305139015,7.621212258601249,1009279747
sw,-81.6761474609375,-38.2620735168457,11.335455630481245,44.861842526801375,1009296414
sw,-81.7501678466796,-39.2897338867187,10.04673190480005,80.50922525578574,1009313081
sw,-81.8788299560546,-40.9220581054687,8.802196130917999,110.79749513159248,1009329748
sw,-82.0460433959961,-43.2942657470703,7.706980221058759,131.9418972739544,1009346415
sw,-82.2306213378906,-45.9675216674804,6.862611507375544,141.05050084386454,1009363082
sw,-82.4326019287109,-49.3139038085937,6.386423364986816,137.019002166095,1009379749
sw,-82.6118545532226,-52.5319557189941,6.388742964267866,121.11995754379986,1009396416
sw,-82.7149581909179,-55.3524208068847,6.896252495109555,97.02032796632905,1009413083
sw,-82.7790603637695,-55.7570877075195,7.74113378179205,70.09733727895346,1009429750
sw,-82.8450622558593,-55.4169921875,8.464789385661483,46.165163379557434,1009446417
sw,-82.8691940307617,-54.7447280883789,8.292616889128585,29.98947097866945,1009463084
sw,-82.7914352416992,-54.3604621887207,6.213111019762292,24.104450144378145,1009479751
sw,-82.6251754760742,-55.3165702819824,1.152397318680204,28.34869057685912,1009496418
sw,-82.4589691162109,-57.6025238037109,-7.798451494310041,40.23486037530457,1009513085
sw,-82.3579406738281,-59.32373046875,-21.154742390944527,55.926871931460894,1009529752
sw,-82.4020385742187,-60.6708488464355,-38.854984529611556,71.4003187029425,1009546419
sw,-82.4036407470703,-61.7989997863769,-60.1697567135855,83.39267504272438,1009563086
sw,-82.1596298217773,-63.2162780761718,-83.74472509158613,89.94377800331185,1009579753
sw,-81.5362472534179,-65.1358795166015,-107.79021258134134,90.52918582497757,1009596420
sw,-80.3594512939453,-67.0974502563476,-130.3807368302081,85.88670163384737,1009613087
sw,-78.8188247680664,-68.4406127929687,-149.79191599168817,77.6369682083379,1009629754
sw,-76.9136123657226,-69.1993103027343,-164.79713296089886,67.78270219939454,1009646421
sw,-73.8188095092773,-69.8105163574218,-174.85822169540842,58.18845218069546,1009663088
sw,-70.3810806274414,-70.5517807006836,-180.15458801344218,50.1688740194009,1009679755
sw,-67.9039077758789,-71.4678192138671,-181.41464029571335,44.29393796794237,1009696422
sw,-65.7867813110351,-72.2691879272461,-179.5716414499933,40.44147714230578,1009713089
sw,-63.1890983581543,-73.0688018798828,-175.35482996432253,38.03478172215732,1009729756
sw,-60.261058807373,-73.7984085083007,-168.97858801936474,36.349821726855296,1009746423
sw,-57.1691741943359,-74.5643539428711,-160.04934007193225,34.782004937398874,1009763090
sw,-54.2531585693359,-75.3093719482421,-147.69811713827818,33.00613565506974,1009779757
sw,-52.1538276672363,-75.765266418457,-130.85357287049732,31.013916200007287,1009796424
sw,-50.6189155578613,-76.1954269409179,-108.5546613860531,29.051301176157946,1009813091
sw,-49.3708190917968,-76.6531600952148,-80.24822816178188,27.497809467037726,1009829758
sw,-48.5900955200195,-77.1918334960937,-46.06374284591524,26.731703775238167,1009846425
sw,-48.4526214599609,-77.7345733642578,-7.0610294263752,27.012281680884104,1009863092
sw,-48.9927368164062,-78.2855377197265,34.58860772254103,28.393057856218128,1009879759
sw,-49.8713607788085,-78.7931747436523,75.5681635872031,30.66916103530159,1009896426
sw,-51.1297225952148,-79.2885437011718,111.62529479060672,33.36333644214196,1009913093
sw,-52.9569435119628,-79.7985305786132,138.10330163786335,35.7615115170485,1009929760
sw,-55.419822692871,-80.3590240478515,150.7956411418419,37.01019408146481,1009946427
sw,-58.7433776855468,-80.9529113769531,147.00192365076674,36.27689579890274,1009963094
sw,-61.6800117492675,-81.5317459106445,126.52291514378905,32.95243587857981,1009979761
sw,-64.0282440185546,-82.0611343383789,92.25004959063486,26.84868268283495,1009996428
sw,-65.3654174804687,-82.5711212158203,50.05039185541626,18.327960805454957,1010013095
sw,-65.2004470825195,-82.9725646972656,7.832266289249499,8.300674258982001,1010029762
sw,-64.1671447753906,-83.1275100708007,-26.059934356726483,-1.947426562338512,1010046429
sw,-62.38521194458,-82.8613357543945,-44.73018387007048,-11.085936561793643,1010063096
sw,-60.8364486694335,-82.2542266845703,-44.374765969482596,-18.14954009085985,1010079763
sw,-59.9515342712402,-81.6304321289062,-25.206508750635514,-22.893197209276757,1010096430
sw,-59.4697952270507,-81.0811309814453,8.6208120532471,-25.950602882971875,1010113097
sw,-60.4493141174316,-80.6309509277343,50.07846624578913,-28.708517886423007,1010129764
sw,-63.2337837219238,-80.2901992797851,91.01967826628044,-32.91047715629739,1010146431
sw,-66.5487899780273,-80.0081405639648,124.12012520165239,-40.10778570085728,1010163098
sw,-69.0089416503906,-79.6415328979492,144.44319161688682,-51.14105002468732,1010179765
sw,-70.5924911499023,-78.8987121582031,150.22054542681173,-65.83693191842967,1010196432
sw,-72.5702667236328,-77.5534210205078,142.740044585457,-83.03841512840584,1010213099
sw,-74.5746917724609,-75.4963073730468,125.53325676514896,-100.96932812519957,1010229766
sw,-75.9526824951171,-72.6476058959961,103.20969443951456,-117.80317013404834,1010246433
sw,-76.6331710815429,-69.6712799072265,80.27829570732466,-132.21580098234566,1010263100
sw,-76.9567565917968,-67.0619049072265,60.21365074541957,-143.70037493778537,1010279767
sw,-77.2803268432617,-64.5302734375,44.930858259376535,-152.52528338052667,1010296434
sw,-77.772346496582,-62.129524230957,34.730620121828544,-159.37926011139928,1010313101
sw,-78.6031112670898,-59.8494567871093,28.657971913896404,-164.88817114612837,1010329768
sw,-79.5502700805664,-57.2515869140625,25.111829785753233,-169.2315255776081,1010346435
sw,-80.1215744018554,-54.2270736694335,22.491668904013515,-172.01536822944377,1010363102
sw,-80.4200820922851,-51.0374755859375,19.691417582802078,-172.41704052777257,1010379769
sw,-80.5315170288086,-48.3405532836914,16.331182325032565,-169.4874843516166,1010396436
sw,-80.527114868164,-45.8512649536132,12.715160594937657,-162.44715975698904,1010413103
sw,-80.4406433105468,-43.4327888488769,9.582694092109456,-150.85384207495844,1010429770
sw,-80.3657150268554,-41.4312782287597,7.761291227296398,-134.60915823618356,1010446437
sw,-80.3808441162109,-39.9632835388183,7.835795934148035,-113.851252334632,1010463104
sw,-80.5268859863281,-38.9082069396972,9.925109844203533,-88.8275639888458,1010479771
sw,-80.7834777832031,-38.1562309265136,13.617143061147184,-59.84896385099783,1010496438
sw,-81.0912475585937,-37.8505516052246,18.064818233836434,-27.391156369467765,1010513105
sw,-81.3998565673828,-37.9636001586914,22.202620691555236,7.663505284327048,1010529772
sw,-81.7212371826171,-38.3779945373535,25.015146459206907,43.73622327509669,1010546439
sw,-82.1075286865234,-39.1541748046875,25.78271946234928,78.36922896674368,1010563106
sw,-82.5136566162109,-40.3896980285644,24.24334578045498,108.31504853656354,1010579773
sw,-82.8296127319336,-42.3500061035156,20.637629319771158,129.9999523866502,1010596440
sw,-83.0203399658203,-45.1166915893554,15.634642824313303,140.3334906918607,1010613107
sw,-83.0933685302734,-48.1675071716308,10.164047092488524,137.6722289116307,1010629774
sw,-83.0387802124023,-51.8374481201171,5.196606530421924,122.61439732873953,1010646441
sw,-82.846565246582,-54.342960357666,1.5197601273093524,98.27611618763068,1010663108
sw,-82.6190338134765,-55.0519142150878,-0.44873404823262086,69.8255356328921,1010679775
sw,-82.4635543823242,-54.7893447875976,-0.7735430588282707,43.31386011433777,1010696442
sw,-82.38916015625,-54.1160469055175,-0.018790172947103972,24.142377612977143,1010713109
sw,-82.3169631958007,-53.4665069580078,0.8303569285167945,15.688120682950291,1010729776
sw,-82.17333984375,-53.4802093505859,0.5178754757324872,18.566494821451947,1010746443
sw,-81.9237213134765,-54.9557380676269,-2.2926666671103404,30.75185690718439,1010763110
sw,-81.6454849243164,-57.6404457092285,-8.806137495686428,48.434159598644015,1010779777
sw,-81.6491088867187,-59.1430854797363,-19.86776060661973,67.22543072191263,1010796444
sw,-81.8616638183593,-60.2110977172851,-35.737443391025884,83.26693475249255,1010813111
sw,-81.9841156005859,-61.5429420471191,-55.921202217771,93.93783266237804,1010829778
sw,-81.8930358886718,-63.3525657653808,-79.13550924125107,98.10620629561653,1010846445
sw,-81.3380508422851,-65.4111251831054,-103.45626546145225,96.02900794857817,1010863112
sw,-80.10888671875,-67.3241882324218,-126.64539064953073,89.03493100391721,1010879779
sw,-78.4766769409179,-68.5065612792968,-146.58775506857492,79.0802757639863,1010896446
sw,-76.2490692138671,-69.2125625610351,-161.7304762824531,68.24723955089217,1010913113
sw,-72.9931945800781,-69.8951034545898,-171.39901889531018,58.27861940176883,1010929780
sw,-69.7497100830078,-70.6791610717773,-175.87435122932524,50.262050144314735,1010946447
sw,-67.4598083496093,-71.5730590820312,-176.17023943644324,44.54057618114404,1010963114
sw,-65.5633010864257,-72.2384262084961,-173.55988211432035,40.84266182689945,1010979781
sw,-63.2539100646972,-73.0064620971679,-169.02638159535047,38.54706328057354,1010996448
sw,-60.4709434509277,-73.7281875610351,-162.86481501570034,36.969732263589954,1011013115
sw,-57.4645195007324,-74.4476318359375,-154.59029841637587,35.58272322523748,1011029782
sw,-54.47314453125,-75.1473846435546,-143.15085889036828,34.122236400060004,1011046449
sw,-52.1973762512207,-75.6111450195312,-127.31344795451609,32.587460264499775,1011063116
sw,-50.6436119079589,-76.1339721679687,-106.06115333453569,31.16014847271332,1011079783
sw,-49.4520797729492,-76.6224594116211,-78.90091040890121,30.08524473687967,1011096450
sw,-48.7898178100585,-77.1107635498046,-46.06609410684461,29.549952254327945,1011113117
sw,-48.6865043640136,-77.6644821166992,-8.642954949321991,29.58887217276883,1011129784
sw,-49.1821022033691,-78.215217590332,31.362889837514306,30.031769740670462,1011146451
sw,-50.0299110412597,-78.6543655395507,71.047663070599,30.501514719835818,1011163118
sw,-51.3565864562988,-79.0613937377929,106.78454177221691,30.463893012302226,1011179785
sw,-53.164379119873,-79.5035095214843,134.62386506157412,29.326428221751137,1011196452
sw,-55.393310546875,-79.9228439331054,150.9434894957453,26.57531583024932,1011213119
sw,-58.7259674072265,-80.2955856323242,153.27566315657245,21.92562822668267,1011229786
sw,-61.7588462829589,-80.59619140625,141.11421603009455,15.445321605594001,1011246453
sw,-64.7414932250976,-80.7851638793945,116.4208952520305,7.607911648765701,1011263120
sw,-66.3167495727539,-80.8605575561523,83.56994506998099,-0.7619010196608567,1011279787
sw,-66.7410507202148,-80.8812637329101,48.62134694319086,-8.661462344229728,1011296454
sw,-66.3240814208984,-80.7563095092773,18.048802004829774,-15.180336024105182,1011313121
sw,-65.3755722045898,-80.3359069824218,-2.7332096255264307,-19.807891124161422,1011329788
sw,-64.5821685791015,-79.6871032714843,-10.599593899765482,-22.685999284514118,1011346455
sw,-63.8503494262695,-79.1016387939453,-5.324694286724043,-24.702462249159524,1011363122
sw,-64.1982421875,-78.7032470703125,10.598589635662266,-27.34925994189937,1011379789
sw,-65.9729309082031,-78.4586486816406,32.832389807629326,-32.34511500551134,1011396456
sw,-67.7624588012695,-78.1770553588867,56.43141969876907,-41.12052212603084,1011413123
sw,-68.845474243164,-77.6764984130859,77.02143922721834,-54.33812703290342,1011429790
sw,-70.0674819946289,-76.7234191894531,91.58334975531308,-71.6298375631533,1011446457
sw,-71.581802368164,-75.1000823974609,98.72076180509156,-91.66199200397322,1011463124
sw,-73.0256958007812,-72.5782775878906,98.4955744791234,-112.51448617913024,1011479791
sw,-74.1594924926757,-69.4576797485351,92.01795761001783,-132.22850212689968,1011496458
sw,-75.1989593505859,-66.3189010620117,80.97394213290956,-149.3006348632078,1011513125
sw,-76.0636596679687,-63.3044281005859,67.21845403053238,-162.92488679241208,1011529792
sw,-76.7816009521484,-60.440616607666,52.493728758669235,-172.90834472769558,1011546459
sw,-77.3021850585937,-58.0539054870605,38.27220101528466,-179.35186792460675,1011563126
sw,-77.710334777832,-55.6500167846679,25.68637204761418,-182.3023457275684,1011579793
sw,-78.2106018066406,-52.6072235107421,15.50500223600574,-181.57943355208448,1011596460
sw,-78.7217254638671,-49.2897758483886,8.133845722719567,-176.85665557530442,1011613127
sw,-78.9926300048828,-46.2521629333496,3.637424701446154,-167.9103031634426,1011629794
sw,-78.9067459106445,-43.9003677368164,1.7843911188358628,-154.848339371622,1011646461
sw,-78.7257690429687,-42.1350479125976,2.1175799952554426,-138.15870814333877,1011663128
sw,-78.6668014526367,-40.8042335510253,4.046347684170703,-118.5425124184751,1011679795
sw,-78.7939834594726,-39.8070831298828,6.950742458887486,-96.63208023036852,1011696462
sw,-79.0723800659179,-39.1793136596679,10.275720715502741,-72.75989249427617,1011713129
sw,-79.4083709716796,-38.7674713134765,13.590755976822862,-46.92098657003101,1011729796
sw,-79.7280578613281,-38.7160453796386,16.60368345567778,-18.984261718061244,1011746463
sw,-80.0361328125,-38.9527854919433,19.13826476189372,10.90136077226995,1011763130
sw,-80.3094100952148,-39.5026512145996,21.096039036571,41.85314938031921,1011779797
sw,-80.5739212036132,-40.390769958496,22.41940716369556,71.94780366662182,1011796464
sw,-80.8927993774414,-41.7730636596679,23.064085159527778,98.24002784714116,1011813131
sw,-81.2107467651367,-43.656021118164,22.985196872330246,117.20098594613681,1011829798
sw,-81.4845428466796,-46.0311546325683,22.142134802712814,125.5357129256506,1011846465
sw,-81.7441024780273,-48.619342803955,20.525727896436212,121.18877174442082,1011863132
sw,-81.9707717895507,-51.3368873596191,18.20249784790297,104.23474828740572,1011879799
sw,-82.1109161376953,-53.7121238708496,15.357403133812085,77.3229853877256,1011896466
sw,-82.1551742553711,-54.9886589050293,12.306898769940442,45.43421998119165,1011913133
sw,-82.1545028686523,-54.3502082824707,9.456815522338252,14.90933409986246,1011929800
sw,-82.1271514892578,-53.2308464050293,7.196098464729117,-8.024495937295644,1011946467
sw,-82.0660552978515,-52.3024749755859,5.741770750448294,-18.7878342700851,1011963134
sw,-81.8572921752929,-51.5614051818847,4.974719981673785,-15.550380764974204,1011979801
sw,-81.4899215698242,-51.3760566711425,4.324034949518402,0.44140778425466864,1011996468
sw,-81.1662445068359,-52.4955711364746,2.762234806775737,25.374956527338377,1012013135
sw,-81.0422439575195,-55.0119094848632,-1.045965349440549,54.00474644327608,1012029802
sw,-81.162841796875,-57.3998908996582,-8.447492465521506,81.00725259428266,1012046469
sw,-81.5180282592773,-58.8487396240234,-20.42599831783033,102.13196236304928,1012063136
sw,-81.8799209594726,-60.3000602722168,-37.260465500053556,114.86901493681955,1012079803
sw,-81.9286575317382,-62.2188720703125,-58.32930480380588,118.58812781715258,1012096470
sw,-81.5527114868164,-64.5062561035156,-82.12908461424674,114.2828336788859,1012113137
sw,-80.6055831909179,-66.7637710571289,-106.51280861947622,104.09550040489489,1012129804
sw,-79.1404342651367,-68.4640426635742,-129.09090363443622,90.7446594544625,1012146471
sw,-77.3829193115234,-69.4742431640625,-147.6967446534823,76.92819263565349,1012163138
sw,-74.9678268432617,-70.1422729492187,-160.80529541404675,64.78415830046762,1012179805
sw,-71.8227310180664,-70.7422409057617,-167.80368080118646,55.52134822057804,1012196472
sw,-68.7883148193359,-71.5944671630859,-169.03964069575736,49.31999959473897,1012213139
sw,-66.4652252197265,-72.4952011108398,-165.6227631474759,45.525146502457176,1012229806
sw,-64.3800811767578,-73.3154525756836,-159.0287426170073,43.047587467250004,1012246473
sw,-61.980354309082,-74.2565994262695,-150.63300108447194,40.814192464787425,1012263140
sw,-59.4676628112793,-75.0515213012695,-141.32610313694573,38.11065989936478,1012279807
sw,-57.0342063903808,-75.6682052612304,-131.31595709610323,34.727800057419934,1012296474
sw,-54.8711967468261,-76.057502746582,-120.1364035333098,30.913476529632373,1012313141
sw,-53.115135192871,-76.5486984252929,-106.8177767252896,27.19945049098082,1012329808
sw,-51.6118659973144,-77.0192489624023,-90.15935118203825,24.191137549579356,1012346475
sw,-50.5105285644531,-77.4640350341796,-69.05864951988073,22.385555916787375,1012363142
sw,-49.8330879211425,-77.939712524414,-42.86632583608817,22.04542781823713,1012379809
sw,-49.6555595397949,-78.4129867553711,-11.730625057100577,23.13019975934717,1012396476
sw,-50.0407104492187,-78.8123779296875,23.125258215127474,25.276257406188,1012413143
sw,-50.5778694152832,-79.186408996582,59.27476734643202,27.82395145956119,1012429810
sw,-51.4313850402832,-79.5985031127929,93.2054840194118,29.89770759351932,1012446477
sw,-52.9979019165039,-80.0555038452148,120.7632541138172,30.54607660951301,1012463144
sw,-55.5109405517578,-80.5777587890625,137.9313502427601,28.93436835085862,1012479811
sw,-58.8099708557128,-81.1065826416015,141.8223350980898,24.55710430835817,1012496478
sw,-61.6501274108886,-81.5000534057617,131.61868215463028,17.413789472436818,1012513145
sw,-64.3951644897461,-81.7171249389648,109.12991727058007,8.08382431546756,1012529812
sw,-65.6882171630859,-81.8302536010742,78.70172593269852,-2.3475990919966554,1012546479
sw,-65.9415054321289,-81.7415542602539,46.40843122678431,-12.523543979084048,1012563146
sw,-65.3943634033203,-81.4132766723632,18.70902442854077,-21.171375493462,1012579813
sw,-64.6472702026367,-80.8227310180664,0.944973329552022,-27.494292726920065,1012596480
sw,-64.1471176147461,-79.9629745483398,-3.877852839325116,-31.477869072999074,1012613147
sw,-63.5908584594726,-79.137825012207,4.326428897365906,-33.98965253392027,1012629814
sw,-63.7013092041015,-78.4937973022461,22.916062297692356,-36.59593918459707,1012646481
sw,-65.6550750732421,-78.1478729248046,47.38833875315668,-41.11178714785458,1012663148
sw,-68.1295700073242,-77.8737640380859,72.60953648235319,-49.009981066942814,1012679815
sw,-69.2930374145507,-77.4524154663086,94.00126172742829,-60.89378706631787,1012696482
sw,-70.5210037231445,-76.6829681396484,108.34938492801408,-76.2423131504959,1012713149
sw,-72.1323776245117,-75.0322952270507,114.1110600924177,-93.55008262758689,1012729816
sw,-73.7928314208984,-72.282485961914,111.30708195765139,-110.82764867062691,1012746483
sw,-75.2640304565429,-69.0791854858398,101.1794569889213,-126.26777362499122,1012763150
sw,-76.4688568115234,-66.0803298950195,85.76556420066265,-138.7922726970264,1012779817
sw,-77.1477966308593,-63.3865127563476,67.47230599613341,-148.2402412638236,1012796484
sw,-77.5104064941406,-60.9997253417968,48.68909354473209,-155.13240473759535,1012813151
sw,-77.8643035888671,-58.8919944763183,31.465897251578347,-160.1594272989038,1012829818
sw,-78.282974243164,-56.6369514465332,17.283445057686,-163.67346001452148,1012846485
sw,-78.6990127563476,-53.6633491516113,6.939163928204365,-165.437744642107,1012863152
sw,-78.9010162353515,-50.3941383361816,0.5578542091334762,-164.72725124224263,1012879819
sw,-78.8418884277343,-47.4292526245117,-2.2858001845176976,-160.67524378978274,1012896486
sw,-78.6867980957031,-45.1177253723144,-2.3671371204278184,-152.6464846062521,1012913153
sw,-78.6430282592773,-43.0948867797851,-0.5831208135516724,-140.44394511162469,1012929820
sw,-78.7618179321289,-41.495792388916,2.2498004257160105,-124.28092749178063,1012946487
sw,-78.9933547973632,-40.2072677612304,5.525046297486832,-104.58300776377683,1012963154
sw,-79.3083724975586,-39.4276428222656,8.879176851134828,-81.75818960787133,1012979821
sw,-79.6305389404296,-38.9706687927246,12.138692856336673,-56.07585261312809,1012996488
sw,-79.9120712280273,-38.6587524414062,15.218511421360414,-27.741287251106822,1013013155
sw,-80.1472702026367,-38.7760925292968,18.020956452947708,2.8361001813481845,1013029822
sw,-80.371955871582,-39.1677551269531,20.374030442180587,34.67980151074644,1013046489
sw,-80.6453323364257,-39.90625,22.025492177347022,65.95701386920494,1013063156
sw,-80.983657836914,-41.1497230529785,22.687390648270224,93.94172034715756,1013079823
sw,-81.3475799560546,-42.9578552246093,22.112201183329603,115.34540560384352,1013096490
sw,-81.6385040283203,-45.3384017944335,20.177028335694896,127.0076033497061,1013113157
sw,-81.8171463012695,-47.9258041381835,16.95272105326487,126.79323820792455,1013129824
sw,-81.9430236816406,-50.6860923767089,12.737186810388172,114.42904125665149,1013146491
sw,-81.9991149902343,-53.3414115905761,8.036381027474516,91.97418516469504,1013163158
sw,-81.958023071289,-55.1016273498535,3.483984976100777,63.68649445845267,1013179825
sw,-81.8927383422851,-54.8950958251953,-0.2966054028928872,35.21629168833911,1013196492
sw,-81.8592987060546,-54.1901359558105,-2.867518894842652,12.299777718170603,1013213159
sw,-81.7933578491211,-53.4355545043945,-4.151991821494592,-0.6583252560147352,1013229826
sw,-81.6068649291992,-52.8174819946289,-4.562827685000257,-1.6454951096234804,1013246493
sw,-81.2537612915039,-52.8926353454589,-5.034543371874479,8.601867187515623,1013263160
sw,-80.9506301879882,-54.2103385925293,-6.920062397333625,27.029437145161925,1013279827
sw,-80.925064086914,-56.7636947631835,-11.740580124565568,49.280725690959834,1013296494
sw,-81.1463623046875,-58.7356529235839,-20.824740147485965,70.90376823546231,1013313161
sw,-81.4142074584961,-59.7391357421875,-34.92506502421408,88.3411724931306,1013329828
sw,-81.4664535522461,-60.8938751220703,-53.92530070826124,99.46242685954786,1013346495
sw,-81.1863555908203,-62.6130485534668,-76.73332903601526,103.63698491056319,1013363162
sw,-80.3799057006836,-64.7158279418945,-101.40224172501276,101.504882382989,1013379829
sw,-78.9514389038086,-66.9377975463867,-125.4628516376221,94.60845647392799,1013396496
sw,-76.989631652832,-68.6654205322265,-146.39897251770753,84.96859659583814,1013413163
sw,-74.3471755981445,-69.6615295410156,-162.15562326374643,74.63401971459452,1013429830
sw,-71.123664855957,-70.2005233764648,-171.54706546555042,65.25060708741142,1013446497
sw,-67.9970169067382,-70.785888671875,-174.44154231594598,57.748086248079076,1013463164
sw,-65.4489440917968,-71.7128219604492,-171.65654538568774,52.248738730193516,1013479831
sw,-63.408821105957,-72.589729309082,-164.5968310464018,48.234165551255494,1013496498
sw,-61.0863990783691,-73.5815048217773,-154.76736652934827,44.898078787877736,1013513165
sw,-58.5133972167968,-74.492431640625,-143.33543492940328,41.536431459995015,1013529832
sw,-55.9216384887695,-75.2505569458007,-130.87074015234344,37.82563008780879,1013546499
sw,-53.6320533752441,-75.9008636474609,-117.29465281362613,33.90559095790409,1013563166
sw,-52.0001754760742,-76.1933670043945,-101.9913354429405,30.272709992022904,1013579833
sw,-50.8196182250976,-76.5076522827148,-84.01748426261817,27.555372342459293,1013596500
sw,-49.7972908020019,-76.9118957519531,-62.37626572994721,26.26998904755067,1013613167
sw,-49.1657562255859,-77.4166641235351,-36.344570232546104,26.639263997999457,1013629834
sw,-48.9422798156738,-78.0065002441406,-5.8297966676558035,28.512658685634886,1013646501
sw,-49.4152870178222,-78.6176147460937,28.306781834287424,31.385985604835337,1013663168
sw,-50.1726684570312,-79.146743774414,64.05784016916441,34.4925996303682,1013679835
sw,-51.1412963867187,-79.6269989013671,98.31597483533263,36.93701255765474,1013696502
sw,-52.7868499755859,-80.2071685791015,127.23913666377602,37.8512140293272,1013713169
sw,-55.4095764160156,-80.8539352416992,146.94621988778678,36.558007298450235,1013729836
sw,-58.8239479064941,-81.4562454223632,154.4358956471393,32.7172047483895,1013746503
sw,-61.764102935791,-81.9239196777343,148.49241192893,26.418151882367273,1013763170
sw,-64.8558807373046,-82.2220153808593,130.2729880095542,18.18135269385674,1013779837
sw,-66.7455215454101,-82.3732147216796,103.32131788160164,8.85048809236508,1013796504
sw,-67.5779571533203,-82.3976440429687,72.9190486178308,-0.6123170367290429,1013813171
sw,-67.6242904663086,-82.2986526489257,44.91242997197149,-9.383230754861122,1013829838
sw,-66.9722900390625,-82.088752746582,24.347583573906512,-17.01881514005261,1013846505
sw,-66.5232696533203,-81.6274108886718,14.331754416646627,-23.6106492025932,1013863172
sw,-66.5909118652343,-81.0157241821289,15.465022044571528,-29.79246348331598,1013879839
sw,-67.5941772460937,-80.4778366088867,25.979616862386123,-36.57404218593259,1013896506
sw,-69.1418304443359,-80.021728515625,42.46932772481188,-45.03033566313387,1013913173
sw,-70.1673507690429,-79.542724609375,60.904522615123824,-55.93539882942481,1013929840
sw,-71.4076461791992,-78.7583770751953,77.5900384021125,-69.47123000756233,1013946507
sw,-72.957160949707,-77.4243850708007,89.82661241013135,-85.13138859367757,1013963174
sw,-74.3434677124023,-75.5119552612304,96.19576198696693,-101.86945164307741,1013979841
sw,-75.6497955322265,-72.847427368164,96.51427655633067,-118.4377434975386,1013996508
sw,-76.8522033691406,-69.9701690673828,91.56654448443885,-133.7716351782948,1014013175
sw,-77.8434906005859,-67.2127380371093,82.73490192700545,-147.2484461832966,1014029842
sw,-78.6082992553711,-64.4941482543945,71.63013989843097,-158.7091780733683,1014046509
sw,-79.3697738647461,-61.8138542175293,59.79028727420951,-168.25079862855367,1014063176
sw,-80.1003036499023,-59.3033905029296,48.478184099952536,-175.91245457769247,1014079843
sw,-80.7546920776367,-56.5314483642578,38.577733724131335,-181.42561987360833,1014096510
sw,-81.2372055053711,-53.304759979248,30.571753641669513,-184.15064769264296,1014113177
sw,-81.5579681396484,-49.9966735839843,24.5811525966721,-183.21120738256548,1014129844
sw,-81.6841201782226,-47.0353660583496,20.447810390753205,-177.73308816610043,1014146511
sw,-81.7401809692382,-44.5242271423339,17.84264731190174,-167.05835450682545,1014163178
sw,-81.7700119018554,-42.2374572753906,16.374695474744836,-150.8513272842602,1014179845
sw,-81.8843154907226,-40.2611389160156,15.673956336380089,-129.09451951066768,1014196512
sw,-82.1490783691406,-38.8598327636718,15.428455392800041,-102.0341071249923,1014213179
sw,-82.485481262207,-37.9856986999511,15.375006706703752,-70.15132254893666,1014229846
sw,-82.7385025024414,-37.6469345092773,15.265521455121855,-34.215305534193604,1014246513
sw,-82.887710571289,-37.7554359436035,14.84365822134513,4.572538797719879,1014263180
sw,-82.9839859008789,-38.3832283020019,13.861475272797536,44.39274898091803,1014279847
sw,-83.0872421264648,-39.3129386901855,12.143418109894634,82.68892862275597,1014296514
sw,-83.2647171020507,-40.5746879577636,9.675888454039912,116.25341748407003,1014313181
sw,-83.5136337280273,-42.8568153381347,6.67896700933711,141.62603615083432,1014329848
sw,-83.7848587036132,-45.8735656738281,3.6129320181380407,155.81082208676602,1014346515
sw,-83.9969100952148,-49.7018356323242,1.0886515394006135,157.1569670605396,1014363182
sw,-84.0769958496093,-53.3601760864257,-0.31637806308045463,146.10376619161386,1014379849
sw,-83.9698104858398,-56.4112281799316,-0.29505435160443166,125.44599847278434,1014396516
sw,-83.7423553466796,-57.6148033142089,0.9726791498693833,99.89501739393856,1014413183
sw,-83.5515365600586,-57.7287445068359,2.7065166315464335,74.97386729893961,1014429850
sw,-83.5046920776367,-57.3435554504394,3.5772393085007193,55.58402283452217,1014446517
sw,-83.5914611816406,-57.5520706176757,1.9363361787903728,44.75587334276564,1014463184
sw,-83.7216491699218,-58.951187133789,-3.820253664201805,43.02802471956612,1014479851
sw,-83.7713775634765,-60.3293342590332,-14.843697277454757,48.62030683753195,1014496518
sw,-83.7330932617187,-61.8185958862304,-31.486919700560083,58.240156142415756,1014513185
sw,-83.5639266967773,-63.2668342590332,-53.11913587760502,68.16880973131614,1014529852
sw,-83.0739974975586,-64.5380859375,-78.1614774819702,75.27013010292855,1014546519
sw,-82.0031127929687,-66.2206573486328,-104.34939595986292,77.68284561653607,1014563186
sw,-80.3949508666992,-68.1354141235351,-129.16288612506196,75.09317118789143,1014579853
sw,-78.7952117919921,-69.4081573486328,-150.31746256553913,68.58447259005321,1014596520
sw,-76.6667404174804,-70.0822219848632,-166.1988262683698,60.13542084772008,1014613187
sw,-73.2904968261718,-70.4188537597656,-176.14237202493086,51.91744571500228,1014629854
sw,-69.9532318115234,-70.8711929321289,-180.4810967811026,45.61225442767477,1014646521
sw,-67.6888122558593,-71.5865707397461,-180.3208876546606,41.97422026703885,1014663188
sw,-65.7391967773437,-72.4870452880859,-177.08294539245088,40.767417888856514,1014679855
sw,-63.2447929382324,-73.6228561401367,-171.96256903374507,41.05042012095955,1014696522
sw,-60.3196678161621,-74.6055679321289,-165.5077457536964,41.647007974221765,1014713189
sw,-57.2245712280273,-75.3941421508789,-157.45957904961,41.59458573883697,1014729856
sw,-54.3698272705078,-76.029296875,-146.86235420045372,40.41345193293652,1014746523
sw,-52.2012176513671,-76.5401153564453,-132.34700764610716,38.14450872582482,1014763190
sw,-50.611099243164,-77.0713348388671,-112.4784186668413,35.19960164079514,1014779857
sw,-49.4129219055175,-77.5535888671875,-86.11012937234939,32.119639442639915,1014796524
sw,-48.5121421813964,-78.0448532104492,-52.74101529643613,29.338759813223277,1014813191
sw,-48.2482261657714,-78.58837890625,-12.86784153062097,27.026314649381234,1014829858
sw,-48.5886764526367,-79.1024932861328,31.721298702225827,25.040983622609705,1014846525
sw,-49.237449645996,-79.515998840332,77.8246204317556,22.994746688482355,1014863192
sw,-50.489761352539,-79.8411560058593,121.00954960440369,20.396079598483638,1014879859
sw,-52.7905082702636,-80.1207656860351,156.1942754791235,16.825224975217186,1014896526
sw,-56.330753326416,-80.3332138061523,178.6069802476419,12.08919627197103,1014913193
sw,-60.0834312438964,-80.4096221923828,184.93738090454698,6.309008259568616,1014929860
sw,-64.0152435302734,-80.3453674316406,174.35109891852318,-0.09228767996136754,1014946527
sw,-67.2971572875976,-80.2249679565429,149.00041795391925,-6.5050148172595375,1014963194
sw,-69.2400207519531,-80.0951995849609,113.78069357912355,-12.325027170307342,1014979861
sw,-69.5011367797851,-79.9230804443359,75.32309559361775,-17.17247925376455,1014996528
sw,-69.1364440917968,-79.5961608886718,40.49123969628264,-21.0767146383587,1015013195
sw,-68.5896530151367,-79.0831985473632,14.840165422007713,-24.56700499309971,1015029862
sw,-68.2773284912109,-78.460823059082,1.5053123691199657,-28.619005050852024,1015046529
sw,-68.7059478759765,-78.03564453125,0.809519964450315,-34.43550161274777,1015063196
sw,-69.6371231079101,-77.8795089721679,10.600210398691068,-43.09563627950476,1015079863
sw,-70.314094543457,-77.5982589721679,27.09135283460589,-55.1764057198518,1015096530
sw,-71.2041473388671,-76.7002258300781,45.883160087624475,-70.493663528126,1015113197
sw,-72.2769012451171,-75.2446594238281,62.877685864954785,-88.08533816616739,1015129864
sw,-73.3921813964843,-73.0291442871093,74.93298920580892,-106.46311010106454,1015146531
sw,-74.5681228637695,-70.2474746704101,80.21768943430911,-124.03590637667976,1015163198
sw,-75.7603530883789,-67.3349533081054,78.29769210777543,-139.52609289716733,1015179865
sw,-76.8010711669921,-64.4025344848632,70.0095406876898,-152.20398147923248,1015196532
sw,-77.6746368408203,-61.4686698913574,57.171652659305636,-161.85868617747283,1015213199
sw,-78.259407043457,-58.7854385375976,42.17851809227495,-168.5561442333667,1015229866
sw,-78.5058898925781,-56.2956466674804,27.52947636988481,-172.33786742970122,1015246533
sw,-78.4599838256836,-53.5842094421386,15.363533050348758,-173.03147315354914,1015263200
sw,-78.5070877075195,-50.5131454467773,7.088897093751995,-170.26612704608223,1015279867
sw,-78.7024154663086,-47.5672149658203,3.188496983739627,-163.65719362725574,1015296534
sw,-78.7731475830078,-45.0909767150878,3.2413361573922232,-153.02416050525332,1015313201
sw,-78.7012252807617,-43.1944732666015,6.139734353963249,-138.49787937679605,1015329868
sw,-78.7649917602539,-41.6637306213378,10.433013567981563,-120.45666590277214,1015346535
sw,-79.0654525756836,-40.5886039733886,14.705282507059879,-99.34424116282628,1015363202
sw,-79.550048828125,-39.8702392578125,17.89576927687835,-75.49554934328846,1015379869
sw,-80.1011734008789,-39.3847846984863,19.488929164796033,-49.095977404210274,1015396536
sw,-80.541633605957,-39.294750213623,19.537918365316667,-20.335005631979055,1015413203
sw,-80.7887115478515,-39.5789566040039,18.53342392873599,10.27965593435504,1015429870
sw,-80.9086532592773,-40.1601257324218,17.173568782311115,41.56823729869538,1015446537
sw,-81.0056228637695,-41.036808013916,16.112348558118246,71.45387625984289,1015463204
sw,-81.1064987182617,-42.376968383789,15.758694803288481,97.02522452007926,1015479871
sw,-81.2261810302734,-44.3916625976562,16.174059152162904,114.97257987950651,1015496538
sw,-81.4228134155273,-46.9360198974609,17.085853377098523,122.35739875118993,1015513205
sw,-81.6882553100586,-49.4332389831543,18.004583491441892,117.53135283459628,1015529872
sw,-81.9592208862304,-52.1322784423828,18.40593730605877,100.91596676147505,1015546539
sw,-82.2010726928711,-54.2253227233886,17.91845968731551,75.33876580585142,1015563206
sw,-82.3731384277343,-55.5307235717773,16.450430434125117,45.71902602829109,1015579873
sw,-82.4599304199218,-55.1633758544921,14.203519851672253,18.091642414864236,1015596540
sw,-82.5145721435546,-54.3225593566894,11.556015533911939,-1.8029731947831729,1015613207
sw,-82.4649047851562,-53.3486595153808,8.845880228672536,-9.946493686319206,1015629874
sw,-82.2175216674804,-52.7569427490234,6.127799397778508,-5.031148383014854,1015646541
sw,-81.7769622802734,-52.8983078002929,3.0012659159862,11.307239639844697,1015663208
sw,-81.4230651855468,-54.0941581726074,-1.4044582027691161,35.06709821892968,1015679875
sw,-81.2676773071289,-56.64448928833,-8.250997306035222,61.05189942862148,1015696542
sw,-81.3659210205078,-59.09326171875,-18.65227962681804,84.2317433736735,1015713209
sw,-81.6520690917968,-60.499412536621,-33.27932504543632,100.86856356590837,1015729876
sw,-81.8946075439453,-61.9760017395019,-52.040903620101886,109.12194302240677,1015746543
sw,-81.7751541137695,-63.7394905090332,-73.95194666784622,109.08517497447404,1015763210
sw,-81.2101669311523,-65.7592010498046,-97.24355140960883,102.3886091452112,1015779877
sw,-79.959602355957,-67.6194839477539,-119.69638929856394,91.56972920958528,1015796544
sw,-77.9829788208007,-68.8500442504882,-139.11254155740295,79.37869275548375,1015813211
sw,-75.7432098388671,-69.6112670898437,-153.7953190779913,68.14678706317571,1015829878
sw,-73.08984375,-70.2016067504882,-162.89765444518181,59.33109704048211,1015846545
sw,-70.0865707397461,-70.9326553344726,-166.53359655797647,53.3328233097849,1015863212
sw,-67.5064315795898,-72.0842895507812,-165.6164498027584,49.62774858793206,1015879879
sw,-65.4717178344726,-73.1526641845703,-161.47426739864756,47.14779304843583,1015896546
sw,-63.3604621887207,-74.1109848022461,-155.37374045638077,44.76282902614124,1015913213
sw,-60.8783302307128,-74.9596328735351,-148.11993876612453,41.68671687316941,1015929880
sw,-58.3749351501464,-75.6417617797851,-139.861813562114,37.6841044271858,1015946547
sw,-55.7689247131347,-76.1158065795898,-130.13574725181388,33.04971467613208,1015963214
sw,-53.5004386901855,-76.4285583496093,-118.08096987228134,28.41803270921726,1015979881
sw,-51.8760948181152,-76.7518920898437,-102.7184892169851,24.504958161108505,1015996548
sw,-50.6470565795898,-77.0896835327148,-83.2105491321322,21.878810405470574,1016013215
sw,-49.789379119873,-77.51025390625,-59.07534027430844,20.820593091736203,1016029882
sw,-49.3086051940918,-78.0178604125976,-30.372757575500582,21.285338606974687,1016046549
sw,-49.4066734313964,-78.5359573364257,2.124816194930867,22.939086112349823,1016063216
sw,-49.9401473999023,-78.9214706420898,36.79815083994161,25.23281200436082,1016079883
sw,-50.6806488037109,-79.2199325561523,71.14602120813423,27.486075890485974,1016096550
sw,-51.9196510314941,-79.5818939208984,101.93400042837,28.976301512828364,1016113217
sw,-53.7404556274414,-80.0815887451171,125.59506629801241,29.044005296585144,1016129884
sw,-56.3634529113769,-80.6373062133789,138.88190259295445,27.21645327441225,1016146551
sw,-59.3204116821289,-81.1103591918945,139.6625482212553,23.327683878955675,1016163218
sw,-61.4832611083984,-81.5079803466796,127.64841587280074,17.59160542781935,1016179885
sw,-63.9677124023437,-81.7726669311523,104.80464903868756,10.584202677887465,1016196552
sw,-65.7678070068359,-81.897590637207,75.24499171665931,3.1135393247450875,1016213219
sw,-66.478775024414,-81.7596435546875,44.54285313114573,-4.006576092091513,1016229886
sw,-65.8776092529296,-81.4632339477539,18.56598449659484,-10.224123843697269,1016246553
sw,-64.8169555664062,-81.0591659545898,2.1220427902841767,-15.474406134799265,1016263220
sw,-64.0513305664062,-80.5630569458007,-2.183891239067942,-20.276900149579834,1016279887
sw,-63.4514541625976,-80.1262588500976,5.493796913042158,-25.64613410857186,1016296554
sw,-63.9055786132812,-79.7684936523437,22.4582190416496,-32.81789808920203,1016313221
sw,-65.8850402832031,-79.388916015625,44.37324714813418,-42.862213705735314,1016329888
sw,-68.0233459472656,-78.7907791137695,66.51668558740758,-56.308663001391004,1016346555
sw,-69.1787414550781,-77.9620971679687,84.94085250881477,-72.9214260062576,1016363222
sw,-70.4365539550781,-76.4898834228515,97.19023376933619,-91.71837342596153,1016379889
sw,-71.9233169555664,-74.2765045166015,102.4581377025405,-111.24005704501381,1016396556
sw,-73.3039627075195,-71.2660369873046,101.29213188205564,-129.97043563874018,1016413223
sw,-74.4114456176757,-68.1468276977539,95.06958186585433,-146.73689418778235,1016429890
sw,-75.3492355346679,-65.1585311889648,85.45714075192765,-160.91760021861782,1016446557
sw,-76.2086563110351,-62.2105445861816,74.00097600838521,-172.37409765464335,1016463224
sw,-77.0418014526367,-59.5777740478515,61.9129969987289,-181.16677276975523,1016479891
sw,-77.9201202392578,-56.9859542846679,50.041734779180594,-187.22219400811878,1016496558
sw,-78.847900390625,-53.9837188720703,38.96080172973971,-190.13766041041038,1016513225
sw,-79.4858856201171,-50.6127319335937,29.088010543799065,-189.21950632528507,1016529892
sw,-79.746467590332,-47.2375984191894,20.76625385105864,-183.7127659965328,1016546559
sw,-79.8464431762695,-44.4626998901367,14.278666889823713,-173.0776121667205,1016563226
sw,-79.8072128295898,-42.2659950256347,9.812422028220071,-157.16300060015567,1016579893
sw,-79.7818527221679,-40.4803924560546,7.40822954730862,-136.2114533865125,1016596560
sw,-79.8741455078125,-39.0799827575683,6.929574636521121,-110.73532824622228,1016613227
sw,-80.1150360107421,-38.126407623291,8.065478791977988,-81.36819502489656,1016629894
sw,-80.4763717651367,-37.7080879211425,10.361055195819812,-48.793149714685256,1016646561
sw,-80.888442993164,-37.7598114013671,13.265440652750938,-13.80184128073179,1016663228
sw,-81.291015625,-38.2494201660156,16.194773271295322,22.52798391404797,1016679895
sw,-81.6423187255859,-39.0976295471191,18.6130260487495,58.61311097900983,1016696562
sw,-81.963882446289,-40.2239646911621,20.124307610497524,92.22856110563123,1016713229
sw,-82.3233566284179,-41.692943572998,20.552676177103958,120.59189225597234,1016729896
sw,-82.7490768432617,-43.9183769226074,19.975777135568258,140.76049673895147,1016746563
sw,-83.1837921142578,-47.0497398376464,18.68670136348154,150.32177135271448,1016763230
sw,-83.514419555664,-50.644962310791,17.081743640637125,148.201806161237,1016779897
sw,-83.6847229003906,-53.8947029113769,15.500213417879973,135.29250219184811,1016796564
sw,-83.6978378295898,-56.5207939147949,14.064541676820644,114.58474858447036,1016813231
sw,-83.6244354248046,-57.4978981018066,12.57432123008656,90.63886420914322,1016829898
sw,-83.5197448730468,-57.5571250915527,10.491795260215664,68.48405162227033,1016846565
sw,-83.416259765625,-57.1055641174316,7.024284132853657,52.30222901127339,1016863232
sw,-83.2494506835937,-57.1719856262207,1.2767665480734858,44.37701785857284,1016879899
sw,-83.0193557739257,-58.7666282653808,-7.567213141790992,44.68791966257413,1016896566
sw,-82.6613693237304,-60.6673583984375,-20.06967258539851,51.24293293603567,1016913233
sw,-82.2630767822265,-62.1669540405273,-36.38259257336649,60.93191230747971,1016929900
sw,-82.0289306640625,-63.5948867797851,-56.12499139199991,70.52125457194317,1016946567
sw,-81.6991348266601,-64.7004318237304,-78.32551599726933,77.4560966087108,1016963234
sw,-81.0814743041992,-66.2146835327148,-101.48127759444237,80.30599663052841,1016979901
sw,-79.9996643066406,-68.0178451538086,-123.76474230779323,78.851011651356,1016996568
sw,-78.4621658325195,-69.3700408935546,-143.35523299878682,73.88431996728826,1017013235
sw,-76.5887756347656,-70.2404098510742,-158.81552283333713,66.82439946655877,1017029902
sw,-73.643196105957,-70.8904647827148,-169.4044049175076,59.24011181009346,1017046569
sw,-70.1167449951171,-71.5660934448242,-175.21361371749708,52.413366530657136,1017063236
sw,-67.727668762207,-72.4151458740234,-177.04699174918727,47.06268647767447,1017079903
sw,-65.9320602416992,-73.2902526855468,-176.04284785635204,43.29610747666103,1017096570
sw,-63.5653076171875,-74.2225570678711,-173.16394610795757,40.7702798241693,1017113237
sw,-60.5879364013671,-75.0512924194336,-168.7623694117864,38.95508156805185,1017129904
sw,-57.5712432861328,-75.7805709838867,-162.39107759461055,37.379903537570314,1017146571
sw,-54.6097831726074,-76.4438171386718,-152.90323296359074,35.772593790541485,1017163238
sw,-52.2855949401855,-76.9215240478515,-138.75868830094558,34.06698919996277,1017179905
sw,-50.6638526916503,-77.3867645263671,-118.42099905546804,32.31406295965348,1017196572
sw,-49.2989463806152,-77.8561553955078,-90.76647552873456,30.561664446670235,1017213239
sw,-48.43212890625,-78.3642272949218,-55.47430294977964,28.764613512453266,1017229906
sw,-48.0708427429199,-78.9266281127929,-13.372347836849558,26.7609355883278,1017246573
sw,-48.3823547363281,-79.4435195922851,33.324156072280026,24.317155589845626,1017263240
sw,-49.2008666992187,-79.8559188842773,80.98661899685376,21.21910723121364,1017279907
sw,-50.6124610900878,-80.1862258911132,124.87202164097422,17.371229385816328,1017296574
sw,-53.1070365905761,-80.4146041870117,159.8054973579969,12.867018735730438,1017313241
sw,-56.5628547668457,-80.4937896728515,181.18952887976593,8.003218720124687,1017329908
sw,-60.4739151000976,-80.4751968383789,186.13253986712886,3.2273335364961815,1017346575
sw,-64.3713073730468,-80.4355697631836,174.36880736941396,-0.971562742300297,1017363242
sw,-67.6347274780273,-80.4595184326171,148.62556509320314,-4.201617663676706,1017379909
sw,-69.4489669799804,-80.458984375,114.22235069150258,-6.302599204593737,1017396576
sw,-69.5440292358398,-80.4268188476562,77.93585622524441,-7.445690464255628,1017413243
sw,-69.1225433349609,-80.3132019042968,46.438105754728475,-8.175380465631406,1017429910
sw,-69.0100326538086,-80.049087524414,24.78912186545459,-9.373411995821845,1017446577
sw,-69.056655883789,-79.7217636108398,15.44245048709473,-12.12805173370915,1017463244
sw,-69.8475875854492,-79.6282882690429,18.01137220382171,-17.50841622974425,1017479911
sw,-70.9338226318359,-79.7028274536132,29.758419129150294,-26.28184012805212,1017496578
sw,-71.7259140014648,-79.525894165039,46.55008681200268,-38.659723806308264,1017513245
sw,-72.9065704345703,-78.8304138183593,63.94197119061005,-54.179584900436275,1017529912
sw,-74.269775390625,-77.5234069824218,78.11566874544643,-71.79745124736526,1017546579
sw,-75.5716857910156,-75.6027374267578,86.50611308387417,-90.1790031613359,1017563246
sw,-76.9025726318359,-73.0560455322265,88.06779879653685,-108.08140020594236,1017579913
sw,-78.0853500366211,-70.19873046875,83.20409993410168,-124.66319002084755,1017596580
sw,-78.8579330444336,-67.4783096313476,73.43130494471441,-139.58158717642613,1017613247
sw,-79.2755279541015,-64.7852706909179,60.879879894845125,-152.8336364016709,1017629914
sw,-79.6118698120117,-62.1224098205566,47.75467182747033,-164.42801220657682,1017646581
sw,-79.9434356689453,-59.6580352783203,35.87648450967387,-174.0680852325004,1017663248
sw,-80.253677368164,-57.0028533935546,26.398251971440256,-181.0261457026093,1017679915
sw,-80.5733108520507,-53.5514297485351,19.732470399271218,-184.28502970218028,1017696582
sw,-80.8438415527343,-50.1161079406738,15.664499116097902,-182.87030227063843,1017713249
sw,-80.9549560546875,-47.3608055114746,13.582677111332995,-176.18543132797433,1017729916
sw,-80.9488372802734,-45.199909210205,12.740999972325586,-164.16817197355138,1017746583
sw,-80.9403686523437,-43.3542518615722,12.48006361205502,-147.20461758461735,1017763250
sw,-81.0151062011718,-41.7551498413085,12.357970539287129,-125.88283984178264,1017779917
sw,-81.1877136230468,-40.3774833679199,12.175862006347334,-100.74670324715166,1017796584
sw,-81.3429336547851,-39.4620895385742,11.915570476811803,-72.19222454580083,1017813251
sw,-81.4033508300781,-39.0028572082519,11.632082921970289,-40.568699761281536,1017829918
sw,-81.3805389404296,-39.0398979187011,11.352546714802717,-6.455121454688274,1017846585
sw,-81.3780746459961,-39.5151329040527,11.022435368841135,28.991401425073715,1017863252
sw,-81.4694747924804,-40.1944160461425,10.514081564989684,63.76513836139314,1017879919
sw,-81.6697082519531,-41.2604751586914,9.685804600804829,94.98077084262752,1017896586
sw,-81.9419479370117,-43.1087989807128,8.461979063117454,119.20365027440266,1017913253
sw,-82.2447814941406,-45.6966552734375,6.898683641120042,133.15706825305583,1017929920
sw,-82.5193786621093,-48.6311416625976,5.203861111011365,134.66582045383262,1017946587
sw,-82.7441787719726,-52.0137939453125,3.69328436073732,123.54638001179438,1017963254
sw,-82.8650436401367,-54.8919563293457,2.6835331369703845,102.08945874375378,1017979921
sw,-82.8437118530273,-56.5220565795898,2.3475517845958334,74.85548001044701,1017996588
sw,-82.7895812988281,-56.2749938964843,2.578484242169145,47.72250610195363,1018013255
sw,-82.8086547851562,-55.5861892700195,2.91191583464464,26.42514084120684,1018029922
sw,-82.8582382202148,-54.7587547302246,2.5394224347055228,15.066744945070543,1018046589
sw,-82.7689666748046,-54.6287574768066,0.41509168409266245,15.132149647208278,1018063256
sw,-82.5405731201171,-55.8609237670898,-4.569116794654198,25.328557117756187,1018079923
sw,-82.3121871948242,-58.1492271423339,-13.369895402124694,42.23781847497729,1018096590
sw,-82.2983932495117,-59.7602348327636,-26.56841060511025,61.45459832045337,1018113257
sw,-82.3459396362304,-61.0264015197753,-44.1708488046146,78.76359907832347,1018129924
sw,-82.1902389526367,-62.1554794311523,-65.48810950624635,91.00897681938358,1018146591
sw,-81.7600021362304,-63.7876853942871,-89.1512502968406,96.52727360027465,1018163258
sw,-80.8968124389648,-65.8651657104492,-113.28671530367856,95.19397007135733,1018179925
sw,-79.3990478515625,-67.8239288330078,-135.82496712297095,88.19044228426354,1018196592
sw,-77.5775070190429,-69.112548828125,-154.87610301792958,77.5742653247153,1018213259
sw,-75.0422592163086,-69.7847366333007,-169.08505748912484,65.72313341950239,1018229926
sw,-71.5066223144531,-70.2271347045898,-177.87073409216987,54.758351525507166,1018246593
sw,-68.3058776855468,-70.7789688110351,-181.46164487196612,46.09416185496714,1018263260
sw,-65.9931030273437,-71.5163650512695,-180.68712479463431,40.24107605555375,1018279927
sw,-63.8127174377441,-72.1892318725586,-176.5774399370975,36.902943866974816,1018296594
sw,-61.1503410339355,-73.060432434082,-169.92524414663538,35.29639909256681,1018313261
sw,-58.3037719726562,-73.920913696289,-160.98784257461583,34.54856388755273,1018329928
sw,-55.324405670166,-74.7017593383789,-149.43319333412623,34.02376339496238,1018346595
sw,-52.7293968200683,-75.3274230957031,-134.5085640844559,33.48199101392392,1018363262
sw,-50.9530296325683,-75.6769561767578,-115.32846005813765,33.04887574895803,1018379929
sw,-49.5974388122558,-76.1306533813476,-91.1786377845209,33.045358623960475,1018396596
sw,-48.6388435363769,-76.6614151000976,-61.78524510636681,33.76257011640467,1018413263
sw,-48.1316795349121,-77.196792602539,-27.542048656826587,35.267658599931686,1018429930
sw,-48.2712020874023,-77.8169631958007,10.31028497672967,37.29948564225242,1018446597
sw,-48.9391250610351,-78.4777145385742,49.58987514191873,39.27643654682786,1018463264
sw,-49.9960556030273,-79.0877075195312,87.2316986013254,40.40603538292622,1018479931
sw,-51.4027519226074,-79.6517028808593,119.5698784635689,39.86388097676732,1018496598
sw,-53.6243591308593,-80.1873931884765,142.88024433684743,36.99802877036554,1018513265
sw,-56.8462677001953,-80.6908874511718,154.13708204011994,31.511500953371435,1018529932
sw,-59.8904342651367,-81.0953216552734,151.82621848147565,23.57769322367292,1018546599
sw,-62.6681060791015,-81.3136596679687,136.56810103802604,13.852732965400676,1018563266
sw,-65.0201339721679,-81.3428421020507,111.3017971260156,3.3689669001068094,1018579933
sw,-66.4540100097656,-81.3231048583984,80.88545975034512,-6.677090713927011,1018596600
sw,-66.9100875854492,-81.2972869873046,51.14651540780528,-15.200791799946854,1018613267
sw,-66.5662765502929,-81.0875854492187,27.602929584098902,-21.510621621539606,1018629934
sw,-66.0315780639648,-80.6738204956054,14.20893822402629,-25.530653896533238,1018646601
sw,-65.5833511352539,-80.1133575439453,12.498114579626193,-27.901845314483335,1018663268
sw,-65.7195510864257,-79.5070190429687,21.381005575580332,-29.91057893796659,1018679935
sw,-67.2557754516601,-78.9856338500976,37.636254858599365,-33.224111348900905,1018696602
sw,-69.3694076538086,-78.6547088623046,56.89588603102762,-39.47054791273097,1018713269
sw,-70.4181747436523,-78.2321701049804,74.77220814590994,-49.77076403986745,1018729936
sw,-71.6083831787109,-77.4148788452148,87.78050573661358,-64.3756166126686,1018746603
sw,-73.1480407714843,-76.0922164916992,93.86102955707047,-82.54791440646711,1018763270
sw,-74.626708984375,-74.0448150634765,92.48722969163269,-102.74622398499356,1018779937
sw,-75.8222503662109,-71.1827011108398,84.46077952429766,-123.04705079320307,1018796604
sw,-76.7521362304687,-68.097183227539,71.52177881156169,-141.63963837325306,1018813271
sw,-77.4429168701171,-65.0853805541992,55.88855714028363,-157.1984407926354,1018829938
sw,-77.8399887084961,-62.1800689697265,39.817897796624194,-169.00502544985324,1018846605
sw,-78.0519104003906,-59.5612716674804,25.248978545653426,-176.82302310705262,1018863272
sw,-78.1216964721679,-57.0787620544433,13.566038720626509,-180.65234396636558,1018879939
sw,-78.2363357543945,-54.2595672607421,5.4920312734803165,-180.52951648220102,1018896606
sw,-78.4989929199218,-51.1194038391113,1.1083156087693211,-176.47783423591028,1018913273
sw,-78.7531509399414,-48.1660118103027,-0.021586804986558836,-168.59001137080833,1018929940
sw,-78.7755279541015,-45.7275238037109,1.3367191060270516,-157.13196966721358,1018946607
sw,-78.7309799194336,-43.6429290771484,4.2940616993963445,-142.55125655785207,1018963274
sw,-78.7514114379882,-41.956443786621,8.017463950084652,-125.35082457397515,1018979941
sw,-78.9535827636718,-40.6882209777832,11.856281768031938,-105.88741717224197,1018996608
sw,-79.3127746582031,-39.7987823486328,15.401252043877305,-84.21330591732949,1019013275
sw,-79.7332382202148,-39.1938819885253,18.47478743201549,-60.07648117446576,1019029942
sw,-80.1146392822265,-38.6661376953125,21.064354644998343,-33.134694179141164,1019046609
sw,-80.4300384521484,-38.6393775939941,23.225416431743916,-3.3465108558291448,1019063276
sw,-80.7211532592773,-39.0263442993164,24.98823863825886,28.58751843502244,1019079943
sw,-81.0268325805664,-39.7740097045898,26.297559617839855,60.91118670391498,1019096610
sw,-81.3489379882812,-40.969741821289,26.998849667903446,90.7930221404935,1019113277
sw,-81.6877365112304,-42.7518653869628,26.86923892612253,114.69475190182882,1019129944
sw,-82.0352554321289,-45.2314186096191,25.68159560284085,129.10465494752265,1019146611
sw,-82.3545837402343,-47.8054389953613,23.285271581454296,131.480504966923,1019163278
sw,-82.5907440185546,-50.5985946655273,19.682468519691206,121.14120374273573,1019179945
sw,-82.729133605957,-53.4814491271972,15.075403480460313,99.80733724100185,1019196612
sw,-82.775634765625,-55.6537017822265,9.861407457684942,71.54325436830206,1019213279
sw,-82.7359161376953,-55.5757255554199,4.563699790141398,42.00601833943962,1019229946
sw,-82.6661529541015,-54.8142356872558,-0.2978217347902598,17.14245464413848,1019246613
sw,-82.5607223510742,-54.0021591186523,-4.374238256383874,1.7148970147819151,1019263280
sw,-82.3222274780273,-53.2451972961425,-7.6581114622810045,-1.8526277412955539,1019279947
sw,-81.8409118652343,-53.2593421936035,-10.610487054291466,6.081333844543285,1019296614
sw,-81.2164001464843,-54.5260391235351,-14.190481402708176,22.754835046020187,1019313281
sw,-80.7659225463867,-57.1847305297851,-19.737180627760083,44.00417984160391,1019329948
sw,-80.5980987548828,-59.1045913696289,-28.685086401618552,65.47300767212856,1019346615
sw,-80.5621643066406,-59.91552734375,-42.1577168099177,83.59606161015418,1019363282
sw,-80.4596252441406,-60.9035491943359,-60.55118762795301,96.10821659680758,1019379949
sw,-80.1475753784179,-62.4334335327148,-83.2485311313432,102.09503113538322,1019396616
sw,-79.4196548461914,-64.3035202026367,-108.57770627708098,101.77562982885584,1019413283
sw,-77.8504028320312,-66.5287017822265,-134.05572026447368,96.20837772074256,1019429950
sw,-75.6540069580078,-68.3836593627929,-156.87382363835638,86.99975663029902,1019446617
sw,-72.9261093139648,-69.6265640258789,-174.4989902680977,76.0039351079647,1019463284
sw,-69.4410095214843,-70.3741683959961,-185.21910308574695,64.99503443118174,1019479951
sw,-65.9767684936523,-70.9198837280273,-188.46399790780762,55.35209201700336,1019496618
sw,-63.2407035827636,-71.6347579956054,-184.8008895995542,47.84478455855767,1019513285
sw,-61.2655754089355,-72.2133636474609,-175.61879725886124,42.59417886453138,1019529952
sw,-58.8128395080566,-72.9670257568359,-162.63625864077187,39.21517043473446,1019546619
sw,-55.8139152526855,-73.7365646362304,-147.42013642959915,37.07466401706467,1019563286
sw,-53.2020568847656,-74.518569946289,-131.05487040148304,35.56421586786699,1019579953
sw,-51.2649803161621,-75.3822174072265,-113.99724960543809,34.29670104079085,1019596620
sw,-49.7533950805664,-75.8337860107421,-96.07984139942143,33.17731849393048,1019613287
sw,-48.6534690856933,-76.1803512573242,-76.62538548322291,32.34891442000769,1019629954
sw,-47.8121185302734,-76.6923675537109,-54.666500610258716,32.05350011245728,1019646621
sw,-47.3340377807617,-77.244270324707,-29.27384388397616,32.47262179932953,1019663288
sw,-47.2488594055175,-77.8197631835937,0.035282583628117925,33.603302192661275,1019679955
sw,-47.6862144470214,-78.4237823486328,32.88559310061612,35.20241043931382,1019696622
sw,-48.4885826110839,-79.0295486450195,67.74701848129612,36.80660782161412,1019713289
sw,-49.629150390625,-79.6199417114257,101.88068121267354,37.81643143336615,1019729956
sw,-51.2897911071777,-80.1984558105468,131.627601692721,37.621008563069545,1019746623
sw,-53.9524002075195,-80.7677154541015,153.06372084550844,35.73193452322314,1019763290
sw,-57.373779296875,-81.2545700073242,162.9223996227361,31.891765150901588,1019779957
sw,-60.6775703430175,-81.5646743774414,159.55095373834573,26.127550902542257,1019796624
sw,-63.9668045043945,-81.6871948242187,143.58749258988857,18.73459811964794,1019813291
sw,-66.4929885864257,-81.787612915039,118.07917857448663,10.195970483644412,1019829958
sw,-67.3083343505859,-81.9004211425781,87.9237953132383,1.0594655890276479,1019846625
sw,-67.3323440551757,-81.9068222045898,58.75272123987053,-8.20060983761852,1019863292
sw,-67.0986785888671,-81.7745742797851,35.590198968590514,-17.310475746001295,1019879959
sw,-66.7423858642578,-81.4715194702148,21.718177341906802,-26.284910292806337,1019896626
sw,-67.034194946289,-80.9325485229492,18.09431900419685,-35.44454743798103,1019913293
sw,-68.3664474487304,-80.2735061645507,23.44918524071018,-45.33598410110165,1019929960
sw,-69.5253829956054,-79.6011352539062,34.934603000233956,-56.55444389268512,1019946627
sw,-70.3241348266601,-78.8602828979492,49.02782981536911,-69.51317939747192,1019963294
sw,-71.5172119140625,-77.7446670532226,62.38048276021687,-84.24412967225362,1019979961
sw,-72.8096694946289,-76.1229095458984,72.40946620384301,-100.31942443804698,1019996628
sw,-73.904914855957,-73.8671112060546,77.56974816938508,-116.93704287983614,1020013295
sw,-74.8816223144531,-70.9776000976562,77.35475871186593,-133.13387527606412,1020029962
sw,-75.7686538696289,-68.034927368164,72.12277719139036,-148.02133529794,1020046629
sw,-76.6045989990234,-65.1421737670898,62.854967467276296,-160.92791654001783,1020063296
sw,-77.4075164794921,-62.1743125915527,50.921378483342316,-171.3918272636026,1020079963
sw,-78.1247329711914,-59.3099746704101,37.88273410356471,-179.04054684705048,1020096630
sw,-78.5752334594726,-56.5914306640625,25.316460767380683,-183.46263759465577,1020113297
sw,-78.8426437377929,-53.5320625305175,14.646111745973107,-184.17606735693843,1020129964
sw,-79.0717468261718,-50.2234077453613,6.972265557647355,-180.7270525556194,1020146631
sw,-79.1964416503906,-47.207950592041,2.9289411837160606,-172.85940130920943,1020163298
sw,-79.1160430908203,-44.7652435302734,2.6013185317383867,-160.6406362547293,1020179965
sw,-79.0618133544921,-42.7578620910644,5.532466775510596,-144.45600608123794,1020196632
sw,-79.10888671875,-41.0582199096679,10.826088926563404,-124.86495279865048,1020213299
sw,-79.4060440063476,-39.6549263000488,17.327576742671507,-102.39640089931797,1020229966
sw,-79.9692230224609,-38.7118110656738,23.84383215929723,-77.39182852584833,1020246633
sw,-80.6642837524414,-38.1867218017578,29.3508061770797,-49.98403500674552,1020263300
sw,-81.314453125,-38.1554985046386,33.14206519122468,-20.24732886065871,1020279967
sw,-81.8290634155273,-38.4362869262695,34.89103243221022,11.50816435166196,1020296634
sw,-82.2046966552734,-39.0164604187011,34.62646745491691,44.388481859662946,1020313301
sw,-82.5093917846679,-39.7966651916503,32.64510403937445,76.65512613932377,1020329968
sw,-82.8272628784179,-41.1052589416503,29.398543543455094,105.70786116149787,1020346635
sw,-83.1407623291015,-43.2745780944824,25.389386734528106,128.42049823446158,1020363302
sw,-83.447280883789,-46.0267829895019,21.09623337860793,141.82329347281924,1020379969
sw,-83.7143478393554,-49.1566543579101,16.926617334530025,143.97300461904288,1020396636
sw,-83.8392257690429,-52.3873977661132,13.182057091788387,134.72858346784224,1020413303
sw,-83.7859344482421,-55.3894729614257,10.018432412126232,116.12119205663691,1020429970
sw,-83.5939407348632,-57.0150604248046,7.398214501513245,92.10259770618626,1020446637
sw,-83.3971328735351,-57.0144309997558,5.0494122135433885,67.66429955755058,1020463304
sw,-83.36328125,-56.6660499572753,2.4553817900604615,47.577277163456245,1020479971
sw,-83.4223403930664,-56.2852668762207,-1.108202266672425,35.189215042241386,1020496638
sw,-83.3469924926757,-57.0251197814941,-6.491146908659524,31.710618744151134,1020513305
sw,-83.0397644042968,-58.9278488159179,-14.55421716495486,36.2018692171217,1020529972
sw,-82.5481796264648,-60.4877204895019,-26.029208602304056,46.16185262411505,1020546639
sw,-82.2386627197265,-61.5217971801757,-41.35171276763056,58.40009092367827,1020563306
sw,-81.9446334838867,-62.4901885986328,-60.47812124532259,69.85745909361623,1020579973
sw,-81.3851852416992,-63.5222091674804,-82.73485787073557,78.1840252244719,1020596640
sw,-80.5336532592773,-65.2287063598632,-106.77364602600461,82.04655437117837,1020613307
sw,-79.066291809082,-67.2041320800781,-130.69093851187773,81.21269405825745,1020629974
sw,-77.2812576293945,-68.8524169921875,-152.31853489939076,76.44372667838331,1020646641
sw,-75.0493240356445,-69.8349838256836,-169.63374580176688,69.20262148034031,1020663308
sw,-71.4381408691406,-70.3823928833007,-181.18750457687932,61.2142903164208,1020679975
sw,-67.6217727661132,-71.0123062133789,-186.41441802740636,53.98707992803494,1020696642
sw,-64.9815063476562,-71.7591857910156,-185.6951079841507,48.448027226384106,1020713309
sw,-63.0005645751953,-72.3607864379882,-180.12218620789577,44.80912724460244,1020729976
sw,-60.5390739440918,-73.197265625,-171.05771341996316,42.685155770301755,1020746643
sw,-57.5431900024414,-74.1261672973632,-159.6686319394291,41.38447094376588,1020763310
sw,-54.5579833984375,-74.9090118408203,-146.60711371822543,40.240739327750646,1020779977
sw,-52.2113761901855,-75.7029495239257,-131.89361505785368,38.85999578806919,1020796644
sw,-50.5229263305664,-76.2614822387695,-114.96713313336932,37.21043225978927,1020813311
sw,-49.2815246582031,-76.6783752441406,-94.85404715762692,35.55252810549918,1020829978
sw,-48.2912330627441,-77.1277160644531,-70.443418663477,34.263972799687735,1020846645
sw,-47.5644493103027,-77.6282958984375,-40.87209404548298,33.639411032532855,1020863312
sw,-47.2504997253418,-78.2048187255859,-5.98431644576603,33.738079463498856,1020879979
sw,-47.5369453430175,-78.8412628173828,33.237597345782504,34.32338134945378,1020896646
sw,-48.3235397338867,-79.4261093139648,74.42426232755786,34.90249591677066,1020913313
sw,-49.6968612670898,-79.9489135742187,113.90112001504882,34.84414562041324,1020929980
sw,-51.777099609375,-80.4431381225586,147.18521997649708,33.53502800109835,1020946647
sw,-55.0630836486816,-80.8813552856445,169.86269372357364,30.53021854284703,1020963314
sw,-58.7008247375488,-81.1874465942382,178.66706407169147,25.657736908610257,1020979981
sw,-62.4264755249023,-81.3879699707031,172.45583401626504,19.051113377848775,1020996648
sw,-65.929946899414,-81.5122833251953,152.74815041672258,11.10397371373757,1021013315
sw,-68.0725173950195,-81.6181259155273,123.58228930293328,2.3607282043171427,1021029982
sw,-68.4686431884765,-81.682991027832,90.6654874579786,-6.63027491771236,1021046649
sw,-68.422119140625,-81.6391220092773,60.04640847232869,-15.470808074537846,1021063316
sw,-68.2466278076171,-81.3769760131836,36.72772562123149,-24.040782737520495,1021079983
sw,-68.4864425659179,-80.8099594116211,23.65266865398666,-32.56096845755877,1021096650
sw,-69.4465408325195,-80.2842636108398,21.331416898978727,-41.551466586346734,1021113317
sw,-70.3635559082031,-79.8560791015625,28.1144584849045,-51.670975939426505,1021129984
sw,-71.0433578491211,-79.3711013793945,40.90709815858405,-63.4734129054333,1021146651
sw,-72.1776733398437,-78.4345397949218,56.03952478425937,-77.1719508969335,1021163318
sw,-73.4227142333984,-76.8732986450195,70.0530312418813,-92.51439155142933,1021179985
sw,-74.4642868041992,-74.7876586914062,80.26564177145,-108.82697222955959,1021196652
sw,-75.6697235107421,-72.1120147705078,85.07655966924045,-125.19911182463635,1021213319
sw,-76.9673843383789,-69.3308181762695,84.03289001487788,-140.71114392123457,1021229986
sw,-78.0548324584961,-66.5847549438476,77.7107672619378,-154.59437344448096,1021246653
sw,-78.8958358764648,-63.6354522705078,67.46464793100618,-166.2641812004216,1021263320
sw,-79.6074829101562,-60.7941093444824,55.09252244356705,-175.24852481647054,1021279987
sw,-80.0412979125976,-58.0676193237304,42.467151911319036,-181.0948866148217,1021296654
sw,-80.2533721923828,-55.1012992858886,31.19290820622544,-183.342662942769,1021313321
sw,-80.4453735351562,-51.8728332519531,22.351843888215505,-181.5943469730096,1021329988
sw,-80.6697006225586,-48.8418540954589,16.389186773578466,-175.64174351606903,1021346655
sw,-80.8226470947265,-46.2676162719726,13.153834927280272,-165.55493681970725,1021363322
sw,-80.9021453857421,-44.0372085571289,12.064430814589523,-151.65782161898684,1021379989
sw,-80.9691772460937,-42.1495780944824,12.337273480996785,-134.38403127827772,1021396656
sw,-81.1169662475586,-40.5599899291992,13.20375468363118,-114.08210709860192,1021413323
sw,-81.3934860229492,-39.3412742614746,14.061560231587343,-90.87402007907903,1021429990
sw,-81.7141418457031,-38.5911293029785,14.534843259687475,-64.65565728967498,1021446657
sw,-81.9502182006836,-38.3120155334472,14.452051354554953,-35.277097292716256,1021463324
sw,-82.1157684326171,-38.3406600952148,13.775892910800417,-2.8744223282552146,1021479991
sw,-82.2388839721679,-38.7503395080566,12.529984535065019,31.74175186893879,1021496658
sw,-82.3609313964843,-39.4785690307617,10.757963936211574,66.78776040102771,1021513325
sw,-82.5243911743164,-40.663818359375,8.528351557687072,99.46052475853656,1021529992
sw,-82.7428283691406,-42.7280158996582,5.973047921523523,126.26158700028917,1021546659
sw,-82.9933624267578,-45.3978538513183,3.3287851063837284,143.70015314064457,1021563326
sw,-83.2335205078125,-48.5251884460449,0.9441103391276782,149.23396246704905,1021579993
sw,-83.3695755004882,-52.0842895507812,-0.7778505976413411,142.1719590914878,1021596660
sw,-83.3591766357421,-55.40771484375,-1.5071281758728519,124.2045701957359,1021613327
sw,-83.2095336914062,-57.2914924621582,-1.1564747524217325,99.29078385545846,1021629994
sw,-83.0160217285156,-57.565933227539,-0.03197393813441925,72.82745453426111,1021646661
sw,-82.9319534301757,-57.2466926574707,1.1057860178424028,50.305942973670696,1021663328
sw,-83.0053482055664,-56.8106575012207,1.1158892555008342,35.89882565410213,1021679995
sw,-83.0955657958984,-57.3508033752441,-1.318219854966396,31.471181313911163,1021696662
sw,-83.014892578125,-58.841812133789,-7.407764729976057,36.32928014923375,1021713329
sw,-82.7794723510742,-60.1542091369628,-17.97581685929745,47.707296791477575,1021729996
sw,-82.6630020141601,-61.5737190246582,-33.23552282921985,61.72867605359212,1021746663
sw,-82.4156112670898,-62.8499794006347,-52.67201056608911,74.4836879232016,1021763330
sw,-81.8491973876953,-64.1416778564453,-75.05771143027654,82.93069728745623,1021779997
sw,-80.8988418579101,-66.0192184448242,-98.61431477003826,85.45995616736116,1021796664
sw,-79.4613571166992,-67.9250411987304,-121.30193171546505,82.06625012578571,1021813331
sw,-77.9278564453125,-69.1751632690429,-141.1803012591702,74.14021602815792,1021829998
sw,-75.9320526123046,-69.822883605957,-156.76716606155784,63.94375288124996,1021846665
sw,-72.6649780273437,-70.2990417480468,-167.3115682406098,53.909545613294306,1021863332
sw,-69.4193801879882,-70.9351654052734,-172.89538498949568,45.96873464458556,1021879999
sw,-67.1944274902343,-71.5885009765625,-174.29638072407377,41.10744631715013,1021896666
sw,-65.261360168457,-72.1874008178711,-172.6242716791713,39.266000564080635,1021913333
sw,-62.847671508789,-73.0443725585937,-168.8560754212736,39.56728437559725,1021930000
sw,-59.9432563781738,-73.9449462890625,-163.46021505125154,40.753356092457054,1021946667
sw,-56.9263877868652,-74.8546600341796,-156.24705890168366,41.65831373224158,1021963334
sw,-53.9925270080566,-75.7277908325195,-146.45626633270973,41.55823992377532,1021980001
sw,-51.8386306762695,-76.2538299560546,-132.98992049782686,40.303384538025306,1021996668
sw,-50.2610397338867,-76.6919631958007,-114.68765679366211,38.22669665306418,1022013335
sw,-48.8729362487793,-77.1725769042968,-90.59529250038746,35.901412047600495,1022030002
sw,-47.9555053710937,-77.662727355957,-60.23412740884733,33.859670361725435,1022046669
sw,-47.5447921752929,-78.2126770019531,-23.883674713359778,32.37538314635984,1022063336
sw,-47.7031097412109,-78.7721939086914,17.152469746871827,31.372159041777135,1022080003
sw,-48.3464012145996,-79.2980346679687,60.382722937525976,30.465596334287845,1022096670
sw,-49.5603294372558,-79.7882232666015,102.18083500278024,29.107530546589935,1022113337
sw,-51.2952804565429,-80.2328567504882,138.15579134940563,26.7757921229339,1022130004
sw,-53.9891815185546,-80.5713500976562,163.8654219020646,23.147528766239304,1022146671
sw,-57.6663742065429,-80.7792510986328,175.77733055968935,18.205268374756795,1022163338
sw,-61.2948341369628,-80.8732147216796,172.24175349001084,12.24876416369806,1022180005
sw,-64.8578872680664,-80.8143615722656,154.15482664221355,5.8149267188565155,1022196672
sw,-67.232666015625,-80.7720565795898,125.02551493619836,-0.46761232089536664,1022213339
sw,-67.9445419311523,-80.8468933105468,90.33272766394478,-6.052157709822546,1022230006
sw,-68.0009613037109,-80.8645553588867,56.313399631603296,-10.641516826077764,1022246673
sw,-67.5692596435546,-80.7234573364257,28.545474107621843,-14.320559766028534,1022263340
sw,-67.1107940673828,-80.3767623901367,10.772105337184524,-17.621703377194248,1022280007
sw,-67.1891632080078,-80.0246505737304,4.312249018281858,-21.4842215689569,1022296674
sw,-68.2037353515625,-79.7824020385742,8.167978335056333,-27.07841105265902,1022313341
sw,-68.9908294677734,-79.5664825439453,19.68248958829689,-35.50819536792974,1022330008
sw,-69.6973342895507,-79.2452926635742,35.441132498860206,-47.46820814928062,1022346675
sw,-70.7352828979492,-78.5082550048828,52.10043722918733,-62.97671878300073,1022363342
sw,-71.8995208740234,-77.1477355957031,66.94554457331213,-81.29844932213074,1022380009
sw,-72.8997573852539,-75.2203292846679,78.12638162934003,-101.10344608559558,1022396676
sw,-73.8562393188476,-72.5716934204101,84.63730110021346,-120.80744113481907,1022413343
sw,-74.9330520629882,-69.6623229980468,86.16168044893244,-138.9559708024631,1022430010
sw,-76.0724868774414,-66.8011093139648,82.90267909109397,-154.49553318090582,1022446677
sw,-77.191162109375,-63.9272727966308,75.4722109329584,-166.83573013490303,1022463344
sw,-78.2531509399414,-61.1452598571777,64.83853444738197,-175.71712966383146,1022480011
sw,-79.1255645751953,-58.5328712463378,52.27857797723486,-180.99880156816036,1022496678
sw,-79.6342239379882,-55.7667083740234,39.272497783216714,-182.50971996318938,1022513345
sw,-79.9696731567382,-52.6171340942382,27.314484972701315,-180.0515777684651,1022530012
sw,-80.2375335693359,-49.3404960632324,17.669054263979977,-173.53065651329976,1022546679
sw,-80.2204055786132,-46.6734924316406,11.141812850894945,-163.10291874402066,1022563346
sw,-80.0555267333984,-44.617919921875,7.93867622437896,-149.20377768941106,1022580013
sw,-79.9619979858398,-42.9850044250488,7.661093596918781,-132.41218860223256,1022596680
sw,-80.0393676757812,-41.537612915039,9.442008315319182,-113.21169880564743,1022613347
sw,-80.329231262207,-40.4131164550781,12.18341592140762,-91.78267845406067,1022630014
sw,-80.7666244506836,-39.664321899414,14.82592399980677,-67.95373524683993,1022646681
sw,-81.2030181884765,-39.2830772399902,16.57444020555303,-41.37339382971799,1022663348
sw,-81.5407485961914,-39.1685104370117,17.023442381303724,-11.873937728461778,1022680015
sw,-81.7529525756836,-39.43648147583,16.1619019916208,20.08217684947904,1022696682
sw,-81.8959350585937,-40.0329627990722,14.277927818363649,53.0373906160863,1022713349
sw,-82.010627746582,-41.0338172912597,11.81162374916833,84.42979776384932,1022730016
sw,-82.1148681640625,-42.7847099304199,9.211463665593577,110.8652143958306,1022746683
sw,-82.2328948974609,-45.1763076782226,6.834904523861613,128.7876184865901,1022763350
sw,-82.4141616821289,-47.8744926452636,4.907643889870093,135.41918866260608,1022780017
sw,-82.6073684692382,-51.2110633850097,3.5301837595656482,129.70577167973875,1022796684
sw,-82.6686172485351,-54.0786399841308,2.7043559178409935,112.93606418162756,1022813351
sw,-82.5997314453125,-56.378807067871,2.3509162121299476,88.74846335388051,1022830018
sw,-82.5444946289062,-56.7708282470703,2.301677550716562,62.41348517077262,1022846685
sw,-82.536392211914,-56.2418212890625,2.2682414765207763,39.54453515665255,1022863352
sw,-82.5441284179687,-55.7108535766601,1.8029885656799582,24.64071150328105,1022880019
sw,-82.4924850463867,-55.294822692871,0.27221289607069515,19.966513220746524,1022896686
sw,-82.2672119140625,-55.8796501159668,-3.1372715805782305,25.15090748685048,1022913353
sw,-81.911994934082,-57.8803977966308,-9.352008800364386,37.594547800912004,1022930020
sw,-81.7383193969726,-60.0496597290039,-19.26106303761085,53.45634151434686,1022946687
sw,-81.8051605224609,-61.2294921875,-33.4800972332928,68.80360356646935,1022963354
sw,-81.8041763305664,-62.2704391479492,-52.08065189193974,80.53444932016907,1022980021
sw,-81.5620346069336,-63.5173301696777,-74.3811756634476,86.87297200412553,1022996688
sw,-80.9577331542968,-65.2626800537109,-98.89973502104128,87.45231544357212,1023013355
sw,-79.7480773925781,-67.1135177612304,-123.52113094654784,83.10883919025096,1023030022
sw,-78.0127944946289,-68.6105575561523,-145.86045858614673,75.50187310658764,1023046689
sw,-75.7424850463867,-69.5287170410156,-163.74119735098077,66.63339101251836,1023063356
sw,-72.4400863647461,-70.0270843505859,-175.66131475745598,58.34293555125825,1023080023
sw,-68.8206481933593,-70.5339965820312,-181.1019507984877,51.88801947889918,1023096690
sw,-66.0085906982421,-71.3326873779296,-180.55873142318273,47.728982303266825,1023113357
sw,-64.0919799804687,-72.1700973510742,-175.26549820418785,45.57988681397234,1023130024
sw,-61.8206787109375,-72.9969711303711,-166.71185578341726,44.68495059580008,1023146691
sw,-59.0630645751953,-73.907356262207,-156.14947920542647,44.194050856426166,1023163358
sw,-56.2273521423339,-74.7357406616211,-144.26482138177698,43.487730674483885,1023180025
sw,-53.6852073669433,-75.5382614135742,-131.08441837047653,42.34425937154683,1023196692
sw,-51.8197174072265,-76.0905075073242,-116.06767053335042,40.917883213655756,1023213359
sw,-50.3729972839355,-76.4516067504882,-98.30579081070795,39.571585118221336,1023230026
sw,-49.1815376281738,-76.8975143432617,-76.77708542796003,38.653315865067704,1023246693
sw,-48.3690948486328,-77.4788970947265,-50.64777799738069,38.31050541366066,1023263360
sw,-47.998363494873,-78.1673889160156,-19.60952418199728,38.40749401964454,1023280027
sw,-48.2842788696289,-78.8592987060546,15.788701546871128,38.56162107027848,1023296694
sw,-48.9116325378418,-79.4836807250976,53.89732375717328,38.26888588156667,1023313361
sw,-49.8564414978027,-80.0373306274414,91.91804779333027,37.06501791205001,1023330028
sw,-51.3671646118164,-80.5657730102539,126.1492338488418,34.66465135557059,1023346695
sw,-54.0349769592285,-81.0298995971679,152.56824879155857,31.03387298130944,1023363362
sw,-57.287727355957,-81.3358764648437,167.6860950812609,26.373978619638983,1023380029
sw,-60.7347068786621,-81.5086593627929,169.47590287932067,21.023852402315885,1023396696
sw,-64.3336410522461,-81.6612472534179,158.0833927850701,15.318454229772923,1023413363
sw,-67.1501693725586,-81.8825302124023,136.0387175455702,9.45736584950103,1023430030
sw,-68.3979797363281,-82.1236114501953,107.8250144316677,3.428070940691763,1023446697
sw,-68.880500793457,-82.2584915161132,78.88058270521707,-3.001199623599375,1023463364
sw,-68.8115692138671,-82.3333358764648,54.32947429313532,-10.232575134259097,1023480031
sw,-68.9193725585937,-82.2415161132812,37.84309013430408,-18.75529922679055,1023496698
sw,-69.7237319946289,-81.9069671630859,30.973120524028204,-29.040100179819948,1023513365
sw,-70.8493347167968,-81.5132598876953,33.09762796269467,-41.414647984361935,1023530032
sw,-71.4800643920898,-81.0099487304687,41.895635495657324,-55.93317958484069,1023546699
sw,-72.5967864990234,-80.3188705444336,54.120688345632935,-72.27884287233866,1023563366
sw,-73.9711685180664,-78.9041900634765,66.42054437830667,-89.75458260652402,1023580033
sw,-75.0698852539062,-76.923957824707,76.01096761610756,-107.39954527615441,1023596700
sw,-76.2695770263671,-74.5013580322265,81.09805110103954,-124.21024153996936,1023613367
sw,-77.520393371582,-71.6228637695312,81.02329126349561,-139.38209047149456,1023630034
sw,-78.5280380249023,-68.7837829589843,76.16703296708859,-152.46248047076813,1023646701
sw,-79.2615509033203,-65.9835510253906,67.68213282597303,-163.3428259092121,1023663368
sw,-79.9283065795898,-63.0899391174316,57.14190396969128,-172.09743105936906,1023680035
sw,-80.5183639526367,-60.2921295166015,46.18197473075072,-178.75647516721241,1023696702
sw,-80.9229049682617,-57.4391593933105,36.20006003655895,-183.1327628720747,1023713369
sw,-81.2530899047851,-54.3261451721191,28.155538122883176,-184.7875891222356,1023730036
sw,-81.5673522949218,-51.0899238586425,22.48753124882563,-183.14028280914204,1023746703
sw,-81.7639389038086,-48.0689582824707,19.147426808664,-177.6470330839413,1023763370
sw,-81.8861083984375,-45.4394340515136,17.719223691917378,-167.94480017952154,1023780037
sw,-81.9677200317382,-43.1087112426757,17.583788495714092,-153.89042618891452,1023796704
sw,-82.0671997070312,-41.0868873596191,18.079057269049294,-135.4961874812304,1023813371
sw,-82.2842864990234,-39.5470237731933,18.619526795076318,-112.82530154675706,1023830038
sw,-82.5917282104492,-38.4480094909668,18.759125495786062,-85.93478327651611,1023846705
sw,-82.9014892578125,-37.9040641784668,18.20325857991178,-54.9361094356365,1023863372
sw,-83.1301956176757,-37.7794380187988,16.79174368220055,-20.197491016822497,1023880039
sw,-83.2688598632812,-38.0514907836914,14.47966463124481,17.35268548631333,1023896706
sw,-83.35400390625,-38.7089118957519,11.335545559816518,55.92898100914514,1023913373
sw,-83.4570770263671,-39.7288665771484,7.558685437434534,92.7542362028853,1023930040
sw,-83.6080703735351,-41.231460571289,3.4985497264725764,124.24269587917698,1023946707
sw,-83.8082427978515,-43.7081184387207,-0.3521079854329809,146.58488391877515,1023963374
sw,-84.0230636596679,-46.8624191284179,-3.4173727562431346,156.67396064433987,1023980041
sw,-84.1766815185546,-50.9957389831543,-5.163727446021188,153.1346753650287,1023996708
sw,-84.1861495971679,-54.6270904541015,-5.276647627511136,137.08130113857612,1024013375
sw,-84.0588760375976,-57.3583297729492,-3.8421835877662955,112.23076520166559,1024030042
sw,-83.8800888061523,-57.7397346496582,-1.465229287057463,84.18316006014061,1024046709
sw,-83.7656173706054,-57.3021736145019,0.7396552697584968,59.012854601067104,1024063376
sw,-83.8317184448242,-56.6147651672363,1.311760232095238,41.63922632454061,1024080043
sw,-83.9847412109375,-56.8983421325683,-1.2678199732138697,34.574931436291024,1024096710
sw,-83.9805679321289,-58.4208145141601,-8.240668168920092,37.48686576848013,1024113377
sw,-83.78076171875,-59.9490699768066,-20.276573119567278,47.6426829113677,1024130044
sw,-83.601806640625,-61.5694847106933,-37.28586528809328,60.96874211451615,1024146711
sw,-83.2538681030273,-62.9757461547851,-58.37286584691089,73.2869671912114,1024163378
sw,-82.5404663085937,-64.1908721923828,-81.9440360492955,81.35190345770842,1024180045
sw,-81.3689651489257,-66.0264816284179,-105.96371069547907,83.47477519114045,1024196712
sw,-79.6666183471679,-67.8394546508789,-128.31412439316418,79.67925369761578,1024213379
sw,-77.988655090332,-68.9111557006836,-147.1796084147235,71.43280581782827,1024230046
sw,-75.829360961914,-69.4982528686523,-161.36452418047142,61.06179933244919,1024246713
sw,-72.5195770263671,-69.9602890014648,-170.4689914793704,51.02003942465124,1024263380
sw,-69.3367004394531,-70.6379776000976,-174.86596023366124,43.220760159839436,1024280047
sw,-67.2213897705078,-71.3616943359375,-175.45588541110675,38.61690654696467,1024296714
sw,-65.1398315429687,-71.8631820678711,-173.24883437937612,37.11947770054679,1024313381
sw,-62.656623840332,-72.5879440307617,-168.91851118066964,37.82657827381502,1024330048
sw,-59.7869262695312,-73.4396057128906,-162.50994104009564,39.448261359009706,1024346715
sw,-56.813865661621,-74.3274154663086,-153.41266368352242,40.77365834452166,1024363382
sw,-54.0339126586914,-75.2155303955078,-140.58008856454188,41.03409623043512,1024380049
sw,-51.8897399902343,-75.7830505371093,-122.87804189767579,40.06256218447506,1024396716
sw,-50.4427261352539,-76.2087478637695,-99.43503267870074,38.22492002063441,1024413383
sw,-49.4391822814941,-76.688720703125,-69.92347545195794,36.17736948188862,1024430050
sw,-48.8837966918945,-77.1609191894531,-34.76497145849044,34.556884142137314,1024446717
sw,-48.9647064208984,-77.6501235961914,4.724678828906475,33.718387818121265,1024463384
sw,-49.626365661621,-78.2158737182617,46.25998339418804,33.599453465099735,1024480051
sw,-50.6046066284179,-78.8084564208984,86.63256945668539,33.74091463835047,1024496718
sw,-52.0893173217773,-79.407600402832,121.95898944481425,33.440372538124635,1024513385
sw,-54.2111167907714,-79.9691696166992,148.1897528361037,31.978778206875827,1024530052
sw,-57.2756843566894,-80.4410781860351,161.86421979188205,28.845477566478444,1024546719
sw,-60.6803359985351,-80.7834167480468,160.97687291522914,23.895335874379004,1024563386
sw,-63.4305191040039,-80.9930267333984,145.7096634399153,17.397092172436373,1024580053
sw,-66.2156524658203,-81.0608825683593,118.75165166329634,9.964797844855644,1024596720
sw,-67.7802124023437,-81.0682296752929,85.00901813811737,2.3936385069734674,1024613387
sw,-68.2037887573242,-81.059211730957,50.68769665505395,-4.558941048996945,1024630054
sw,-67.452880859375,-80.9999465942382,21.948962719138137,-10.39657919178579,1024646721
sw,-66.5448837280273,-80.8338317871093,3.5158640267812364,-15.059036635148948,1024663388
sw,-65.859375,-80.6486740112304,-2.339049579864178,-18.99894768044224,1024680055
sw,-66.0733032226562,-80.4190368652343,3.88611688307846,-23.12329146515644,1024696722
sw,-67.3239212036132,-80.1563568115234,19.351257246960905,-28.592439625075006,1024713389
sw,-68.5111083984375,-79.8230514526367,39.838050475925954,-36.51448132506186,1024730056
sw,-69.5558013916015,-79.2852020263671,60.880301754309635,-47.61749464869976,1024746723
sw,-70.8644256591796,-78.5494003295898,78.71346777441298,-62.006107918004574,1024763390
sw,-72.3709564208984,-77.3441390991211,90.84507616162446,-79.09446174946346,1024780057
sw,-73.7580947875976,-75.5419616699218,96.2169559348678,-97.75238899414998,1024796724
sw,-75.0069274902343,-73.0536117553711,95.04286326917894,-116.61988279916183,1024813391
sw,-76.0609588623046,-70.132698059082,88.45143196167156,-134.46909851674008,1024830058
sw,-76.9057693481445,-67.3008499145507,78.06607827069644,-150.46402123078664,1024846725
sw,-77.5843658447265,-64.5146789550781,65.62711855496528,-164.2116675671907,1024863392
sw,-78.2802276611328,-61.7340507507324,52.71743356340463,-175.60174237501815,1024880059
sw,-78.8973083496093,-59.0365753173828,40.605206506166816,-184.5394680131677,1024896726
sw,-79.4123840332031,-56.1949806213378,30.18154964438209,-190.72567211361806,1024913393
sw,-79.8439865112304,-52.9770545959472,21.958243315191076,-193.59981128393994,1024930060
sw,-80.0970306396484,-49.619758605957,16.099835670145847,-192.4597157052966,1024946727
sw,-80.1557006835937,-46.5221519470214,12.480749360705014,-186.67028838165544,1024963394
sw,-80.0880355834961,-43.9286613464355,10.76604505608845,-175.83531858687908,1024980061
sw,-80.0220260620117,-41.7198753356933,10.508815678013553,-159.85054237834774,1024996728
sw,-80.1160125732421,-39.8183364868164,11.244845178324208,-138.8435703410262,1025013395
sw,-80.3451080322265,-38.2131423950195,12.559021110385721,-113.07556561885214,1025030062
sw,-80.5950851440429,-37.1761817932128,14.107272477592332,-82.89443083405607,1025046729
sw,-80.7689895629882,-36.6988182067871,15.599835379258613,-48.79635767617767,1025063396
sw,-80.8758773803711,-36.6609420776367,16.77214809483303,-11.598682018016435,1025080063
sw,-80.9908065795898,-37.0382385253906,17.374136496037647,27.32880489475147,1025096730
sw,-81.1474304199218,-37.8479347229003,17.194342977274424,65.87546882532976,1025113397
sw,-81.3498458862304,-39.1220397949218,16.112124062024996,101.17319604445186,1025130064
sw,-81.6131134033203,-41.0165710449218,14.152360179063706,129.86416691185272,1025146731
sw,-81.8989181518554,-43.765567779541,11.51115973263564,148.68916106636823,1025163398
sw,-82.1692504882812,-47.1639328002929,8.529064868081583,155.30410514103133,1025180065
sw,-82.3960494995117,-50.7095260620117,5.606145419516215,149.09547675319806,1025196732
sw,-82.4664154052734,-54.0073509216308,3.0742990525613156,131.6864655796425,1025213399
sw,-82.347427368164,-56.3837928771972,1.0591857686185784,106.86543807492336,1025230066
sw,-82.1511459350586,-56.7597923278808,-0.6276006890407793,79.8440166154861,1025246733
sw,-82.0136489868164,-56.4800415039062,-2.5295519949836685,56.01541006802519,1025263400
sw,-81.9032821655273,-56.1414108276367,-5.499653457830983,39.617631475443275,1025280067
sw,-81.6988220214843,-56.436725616455,-10.571918984329024,32.77307815020949,1025296734
sw,-81.3323669433593,-58.1889762878418,-18.771679260801108,35.21499303104185,1025313401
sw,-80.8805923461914,-60.0260887145996,-30.891050926793234,44.70628806594932,1025330068
sw,-80.5698165893554,-61.0799446105957,-47.25742242413167,57.887618623387546,1025346735
sw,-80.2950210571289,-62.0975799560546,-67.53771549990681,71.20435357001682,1025363402
sw,-79.8667297363281,-63.112506866455,-90.64515878032836,81.66067442540044,1025380069
sw,-79.1931838989257,-64.9650192260742,-114.8165038898604,87.31049328854442,1025396736
sw,-77.9090728759765,-67.1955871582031,-137.88290876845343,87.48922054261791,1025413403
sw,-76.1557235717773,-69.1173095703125,-157.68491193930276,82.79245859900941,1025430070
sw,-74.0484313964843,-70.1467819213867,-172.52231653005853,74.79344332355276,1025446737
sw,-70.8446197509765,-70.6993179321289,-181.50769886861556,65.53654103624795,1025463404
sw,-67.3845901489257,-71.2693176269531,-184.7065748223587,56.93901226144758,1025480071
sw,-64.9770889282226,-71.915771484375,-182.99760094792313,50.29559558667258,1025496738
sw,-63.073314666748,-72.5799026489257,-177.6795880384868,46.04692770064312,1025513405
sw,-60.5057029724121,-73.4688644409179,-169.9639089769465,43.859192596302016,1025530072
sw,-57.3221435546875,-74.4319839477539,-160.54737005722117,42.937865764332045,1025546739
sw,-54.3775749206543,-75.2914428710937,-149.40805437913724,42.423527086316845,1025563406
sw,-52.1017990112304,-76.2573699951171,-135.84716655803106,41.71333614990083,1025580073
sw,-50.3725624084472,-76.8622207641601,-118.71265391811141,40.60511169214574,1025596740
sw,-48.8746299743652,-77.2028503417968,-96.73153001104168,39.242873414095094,1025613407
sw,-47.7547988891601,-77.5934600830078,-68.90595076851062,37.921268254775946,1025630074
sw,-46.9350395202636,-78.0376815795898,-34.93262137580182,36.853913310002945,1025646741
sw,-46.7658538818359,-78.5891571044921,4.426170472064797,36.010932910797145,1025663408
sw,-47.3657913208007,-79.212417602539,47.12571827893828,35.08785949836676,1025680075
sw,-48.5365829467773,-79.8246307373046,89.88353957484655,33.60535549393016,1025696742
sw,-50.2706718444824,-80.3460845947265,128.55003206332526,31.085610873336137,1025713409
sw,-53.2380104064941,-80.6947326660156,158.7910420693008,27.22626086204125,1025730076
sw,-56.4092369079589,-80.815559387207,176.96998616401726,22.001921356000448,1025746743
sw,-60.0398483276367,-80.8450317382812,181.02490082403583,15.65949675241236,1025763410
sw,-63.7630348205566,-80.9010925292968,171.08757581886636,8.618487467340277,1025780077
sw,-66.5811462402343,-80.9927444458007,149.62315302910457,1.3205728833530805,1025796744
sw,-68.391128540039,-81.0990753173828,120.9896991935931,-5.919248043908288,1025813411
sw,-69.1598739624023,-81.0749816894531,90.5008825539666,-13.021426270194517,1025830078
sw,-69.2637939453125,-80.9440155029296,63.25391096053237,-20.191357126943476,1025846745
sw,-69.4231033325195,-80.6205520629882,43.074454790254684,-27.900728359220977,1025863412
sw,-70.1999282836914,-80.0213394165039,31.877661768692544,-36.79330844254073,1025880079
sw,-71.4421310424804,-79.4786224365234,29.57126364159904,-47.51506271061353,1025896746
sw,-72.1309814453125,-79.0503692626953,34.4244562715022,-60.49563269071304,1025913413
sw,-72.7127075195312,-78.4068069458007,43.6990666492948,-75.74896364399437,1025930080
sw,-73.7775573730468,-76.9322128295898,54.33160151367926,-92.78315482269731,1025946747
sw,-74.752700805664,-74.8342971801757,63.52506150159423,-110.67915776816018,1025963414
sw,-75.634780883789,-72.1390991210937,69.1854716441087,-128.31718545946234,1025980081
sw,-76.7787322998046,-69.1985168457031,70.18286411168623,-144.6480670305537,1025996748
sw,-77.9776306152343,-66.326545715332,66.43361294638152,-158.88276546778638,1026013415
sw,-78.907844543457,-63.3603591918945,58.805481464819614,-170.52535994583943,1026030082
sw,-79.5539474487304,-60.2558822631835,48.85531678882222,-179.2682735090944,1026046749
sw,-79.9364395141601,-57.332218170166,38.43731185745452,-184.84350549619063,1026063416
sw,-80.0193481445312,-54.3183441162109,29.2632813842493,-186.93605608502264,1026080083
sw,-80.1063232421875,-50.9656753540039,22.528114017827843,-185.2118002397987,1026096750
sw,-80.4012069702148,-47.8267669677734,18.704810744254512,-179.42738959782346,1026113417
sw,-80.6325302124023,-45.2011489868164,17.55804541736352,-169.53024647775655,1026130084
sw,-80.8440780639648,-42.89448928833,18.34601471153457,-155.66427352152672,1026146751
sw,-81.0555877685546,-40.9656066894531,20.117156136390314,-138.0654769432627,1026163418
sw,-81.2927474975586,-39.3430633544921,21.990865482952486,-116.91078006588563,1026180085
sw,-81.5587081909179,-38.1123313903808,23.340462633695154,-92.22239223281609,1026196752
sw,-81.8196411132812,-37.2935256958007,23.8496994741653,-63.914175434637116,1026213419
sw,-82.0292282104492,-36.9768295288085,23.463950571173037,-32.01082933987647,1026230086
sw,-82.1559753417968,-37.0971908569335,22.285871849660047,3.001624944665434,1026246753
sw,-82.1885299682617,-37.5796928405761,20.46817182713538,39.805046359148,1026263420
sw,-82.1892776489257,-38.3341484069824,18.140375227758287,76.01723364625877,1026280087
sw,-82.2564086914062,-39.6091728210449,15.384364220431758,108.26323757576526,1026296754
sw,-82.4079513549804,-41.7642097473144,12.253953483153866,132.6544766537204,1026313421
sw,-82.5630950927734,-44.7243995666503,8.819110743074166,145.64927942518077,1026330088
sw,-82.6996459960937,-48.0880889892578,5.206267615869621,145.0986051992091,1026346755
sw,-82.8044815063476,-51.5274963378906,1.6061230134248088,131.1432932107352,1026363422
sw,-82.8373260498046,-54.3649291992187,-1.7672231132124654,106.60095168421613,1026380089
sw,-82.7689361572265,-55.6926307678222,-4.7607750785649205,76.60057165351736,1026396756
sw,-82.6565322875976,-55.4606590270996,-7.386394850587151,47.470974823738366,1026413423
sw,-82.5882034301757,-54.8270874023437,-9.911291624907891,25.181731858947597,1026430090
sw,-82.4865493774414,-54.1247634887695,-12.906724380825127,13.841037837557622,1026446757
sw,-82.0460891723632,-53.9465599060058,-17.234512455353645,14.758320033338826,1026463424
sw,-81.3072891235351,-54.837532043457,-23.954147490185502,26.36262601040895,1026480091
sw,-80.6499404907226,-57.4857749938964,-34.13457365978589,44.93145057963195,1026496758
sw,-80.2264633178711,-59.8231697082519,-48.57289354445767,65.78702030616806,1026513425
sw,-79.7818069458007,-60.6225318908691,-67.46981457726196,84.49810715929728,1026530092
sw,-79.1925506591796,-61.6029472351074,-90.1666971185854,97.73572581322807,1026546759
sw,-78.4794616699218,-63.0531044006347,-115.0669197592256,103.6786922746578,1026563426
sw,-77.123306274414,-65.3619232177734,-139.82120197392396,102.06429989505041,1026580093
sw,-75.189224243164,-67.9145889282226,-161.76806383325453,94.01226567756115,1026596760
sw,-72.2395477294921,-69.5307083129882,-178.52116800838465,81.67102527806139,1026613427
sw,-68.3695526123046,-70.0376739501953,-188.51979734035464,67.69065835429406,1026630094
sw,-64.8118820190429,-70.1836395263671,-191.34253106176172,54.589128954067974,1026646761
sw,-62.4422950744628,-70.5602569580078,-187.6564316668961,44.18151906332661,1026663428
sw,-60.6111602783203,-71.2993927001953,-178.82616080787898,37.26501635995649,1026680095
sw,-58.1170959472656,-72.0073089599609,-166.36440601922078,33.65218860067485,1026696762
sw,-54.7695884704589,-72.7712097167968,-151.4603674027831,32.491598179595314,1026713429
sw,-52.0771369934082,-73.4149169921875,-134.7377084256405,32.7113603576795,1026730096
sw,-50.376895904541,-74.2298583984375,-116.24706050192859,33.412447731169735,1026746763
sw,-48.6208801269531,-75.0433044433593,-95.60962446112686,34.09744804632646,1026763430
sw,-47.4889030456543,-75.3047714233398,-72.23439816709775,34.69871387052255,1026780097
sw,-46.8980865478515,-75.6319580078125,-45.575728131450944,35.438869996832025,1026796764
sw,-46.6110229492187,-76.1638946533203,-15.418913222513751,36.604993129575554,1026813431
sw,-46.78515625,-76.800910949707,17.832550366434063,38.33393800141797,1026830098
sw,-47.517478942871,-77.4851989746093,52.92568188970739,40.484610907081226,1026846765
sw,-48.6672782897949,-78.1817855834961,87.66698322803504,42.627589024979756,1026863432
sw,-50.1704292297363,-78.9000778198242,119.05904872303398,44.13782718666534,1026880099
sw,-52.186954498291,-79.6272964477539,143.71764856574893,44.34717775221572,1026896766
sw,-55.3778495788574,-80.2591400146484,158.54482266115446,42.70243993554224,1026913433
sw,-58.636661529541,-80.7348175048828,161.52553379979904,38.880629201936685,1026930100
sw,-61.6790199279785,-81.0326385498046,152.41803383301513,32.834452873070525,1026946767
sw,-64.8952102661132,-81.1973037719726,133.08086689780166,24.77026623479208,1026963434
sw,-66.5514068603515,-81.3892669677734,107.25907273669397,15.083515601277547,1026980101
sw,-67.135627746582,-81.5619430541992,79.823606604156,4.2799846740681025,1026996768
sw,-67.4197006225586,-81.6685485839843,55.6597567091288,-7.1034211789805335,1027013435
sw,-67.1569366455078,-81.7124862670898,38.5454882274723,-18.58012912168098,1027030102
sw,-67.2509307861328,-81.5243759155273,30.37440147742966,-29.799101187176582,1027046769
sw,-68.131233215332,-81.0193481445312,30.945932927669592,-40.61919646340945,1027063436
sw,-69.5409469604492,-80.3374481201171,38.32787815218458,-51.14230286367573,1027080103
sw,-70.5608673095703,-79.4759750366211,49.595576516578475,-61.67699376434376,1027096770
sw,-71.5139694213867,-78.4485168457031,61.658958291920484,-72.62929867392499,1027113437
sw,-72.8332595825195,-77.2433395385742,71.92913240022895,-84.3520941344684,1027130104
sw,-74.0537872314453,-75.6693649291992,78.69702436077084,-97.00795503450243,1027146771
sw,-75.1205215454101,-73.8151168823242,81.21783760185389,-110.49654517172254,1027163438
sw,-76.2139892578125,-71.4392776489257,79.57336522078653,-124.4675515343033,1027180105
sw,-77.151252746582,-68.7769393920898,74.41672659126843,-138.39971415070144,1027196772
sw,-77.8974533081054,-66.0121994018554,66.69964118660043,-151.69781199328975,1027213439
sw,-78.6395111083984,-63.0009269714355,57.45143836918895,-163.7590382547054,1027230106
sw,-79.3989868164062,-59.9638557434082,47.63711205422353,-173.98832344135607,1027246773
sw,-79.9695968627929,-57.2382431030273,38.08477782523265,-181.78108663391347,1027263440
sw,-80.3385543823242,-54.2962036132812,29.453081232319327,-186.5160876306246,1027280107
sw,-80.595962524414,-51.1555519104003,22.212079300944477,-187.59254437147004,1027296774
sw,-80.7968368530273,-48.0644607543945,16.629535096555866,-184.5077822668433,1027313441
sw,-80.8986282348632,-45.35737991333,12.770572866581773,-176.93282745763352,1027330108
sw,-80.9200057983398,-42.8080101013183,10.51966246146644,-164.73684873423272,1027346775
sw,-80.9200057983398,-40.5075912475585,9.622961222140166,-147.9430573418993,1027363442
sw,-81.0203628540039,-38.6941375732421,9.738424076854209,-126.64317461917427,1027380109
sw,-81.2601699829101,-37.3884963989257,10.480014595137808,-100.92763380618206,1027396776
sw,-81.5820999145507,-36.6578483581543,11.450833213837535,-70.89490467791069,1027413443
sw,-81.8651580810546,-36.380256652832,12.270771482359772,-36.78509581642428,1027430110
sw,-82.0693969726562,-36.4280815124511,12.609482629269401,0.7615945292234697,1027446777
sw,-82.2348709106445,-36.9802894592285,12.232197263515594,40.387359670325004,1027463444
sw,-82.4340057373046,-37.8683929443359,11.05637903267406,79.77284355740052,1027480111
sw,-82.6681594848632,-39.1584739685058,9.20477507846619,115.63316078498161,1027496778
sw,-82.9000244140625,-41.1621475219726,7.028761589689067,144.08952177534266,1027513445
sw,-83.1312179565429,-44.2325172424316,5.07111375001513,161.44253142929736,1027530112
sw,-83.3622436523437,-47.884910583496,3.9467414123664697,165.20228581961842,1027546779
sw,-83.5062637329101,-52.1846008300781,4.146479855353022,155.05850508789513,1027563446
sw,-83.4654693603515,-55.7328224182128,5.806825540235542,133.39212161585672,1027580113
sw,-83.308364868164,-57.4074745178222,8.522443578463417,105.0162850063147,1027596780
sw,-83.1799926757812,-57.2673454284668,11.287765452361006,76.10046614009048,1027613447
sw,-83.2053146362304,-56.8064727783203,12.623146075407165,52.58140840266511,1027630114
sw,-83.3240051269531,-56.3658981323242,10.873852594903543,38.6182682425896,1027646781
sw,-83.1837921142578,-57.1784515380859,4.597632121152087,35.64651032804434,1027663448
sw,-82.7814254760742,-58.9363365173339,-7.078696781870252,42.31542901416401,1027680115
sw,-82.3187789916992,-60.6501693725585,-24.230516130313188,55.21695306880584,1027696782
sw,-81.9508972167968,-62.1278915405273,-46.0735222292547,70.04017616713602,1027713449
sw,-81.4720993041992,-63.177993774414,-71.06030426379857,82.73272612577765,1027730116
sw,-80.7323150634765,-64.5522155761718,-97.11054877180283,90.37756871870243,1027746783
sw,-79.6651458740234,-66.8767700195312,-121.94349141543425,91.66720608045618,1027763450
sw,-78.1314849853515,-69.0237579345703,-143.46190846437906,86.9662964302772,1027780117
sw,-76.4091491699218,-70.2150268554687,-160.1137270436301,77.99477961398891,1027796784
sw,-73.8406677246093,-70.7510070800781,-171.15019580813194,67.20817559156596,1027813451
sw,-70.383560180664,-71.1162567138671,-176.70984402815134,57.03693505442825,1027830118
sw,-67.6059341430664,-71.7038269042968,-177.6817904829818,49.21856523167056,1027846785
sw,-65.6753692626953,-72.438491821289,-175.35523872859164,44.43488704801625,1027863452
sw,-63.416633605957,-73.2974395751953,-170.9491313551848,42.34227543830213,1027880119
sw,-60.5103073120117,-74.3116836547851,-165.18765834450397,41.92478365612401,1027896786
sw,-57.4215393066406,-75.255012512207,-158.07312033619354,41.991540732720075,1027913453
sw,-54.5637435913085,-76.1644897460937,-148.90536151079573,41.61982481643235,1027930120
sw,-52.1773872375488,-76.8582534790039,-136.48867378238393,40.40225526998591,1027946787
sw,-50.6103973388671,-77.2002563476562,-119.4311869449725,38.452214438539286,1027963454
sw,-49.1939430236816,-77.6132278442382,-96.47763039454898,36.21476432564833,1027980121
sw,-48.0177001953125,-78.1036376953125,-66.8616361401598,34.18974590189547,1027996788
sw,-47.3096275329589,-78.6319961547851,-30.66439289116618,32.68424557711422,1028013455
sw,-47.3355751037597,-79.1636962890625,10.877190245596513,31.678568322873197,1028030122
sw,-47.9871025085449,-79.7152633666992,55.21488537280147,30.83511403543653,1028046789
sw,-49.2528038024902,-80.2795944213867,98.59554911475132,29.62655638243446,1028063456
sw,-51.1072807312011,-80.7694396972656,136.49819008812875,27.522885618990845,1028080123
sw,-53.9912338256835,-81.1294555664062,164.38974109399206,24.163185762539975,1028096790
sw,-57.3564338684082,-81.3415222167968,178.68078333486523,19.450310865878343,1028113457
sw,-60.9836730957031,-81.4038543701171,177.65625207684883,13.54112348315941,1028130124
sw,-64.6213226318359,-81.302749633789,162.09666499107496,6.748551338605787,1028146791
sw,-67.2807998657226,-81.2363510131836,135.33949853196094,-0.5949954784696287,1028163458
sw,-68.3987579345703,-81.3228683471679,102.67499722208775,-8.256842344734943,1028180125
sw,-68.6009368896484,-81.3673782348632,70.19225912152498,-16.171698155895385,1028196792
sw,-68.3923187255859,-81.2845840454101,43.40301610293889,-24.454797645330135,1028213459
sw,-68.4251708984375,-80.7447738647461,26.06487451033044,-33.3730606387716,1028230126
sw,-68.9566040039062,-79.9629745483398,19.544211130255587,-43.27969977181438,1028246793
sw,-70.0391311645507,-79.3491058349609,22.841398940148096,-54.5085603945837,1028263460
sw,-70.6039123535156,-78.7139587402343,33.163887613753054,-67.23870227181224,1028280127
sw,-71.4368515014648,-77.7296676635742,46.78969976521696,-81.37497037671672,1028296794
sw,-72.7427978515625,-76.1892700195312,59.95344699806744,-96.51133930116545,1028313461
sw,-73.9236068725586,-74.0953216552734,69.5633697005355,-112.01710758090158,1028330128
sw,-74.9995727539062,-71.3807907104492,73.65228876521519,-127.2176000023466,1028346795
sw,-76.0494689941406,-68.4567489624023,71.54309559956452,-141.57580622598155,1028363462
sw,-76.9239807128906,-65.588150024414,63.76557158725975,-154.76792606869384,1028380129
sw,-77.6014556884765,-62.6884384155273,51.79298328737007,-166.60079879428196,1028396796
sw,-78.1398696899414,-59.8507614135742,37.673374827969134,-176.8141448513933,1028413463
sw,-78.5828247070312,-57.0883140563964,23.62222302700559,-184.88731056207502,1028430130
sw,-78.6767959594726,-54.0915946960449,11.633687696152872,-189.9781927894634,1028446797
sw,-78.5804748535156,-50.8009529113769,3.163090685119167,-191.05214201782726,1028463464
sw,-78.6227035522461,-47.4249801635742,-1.070684104987046,-187.15071646948167,1028480131
sw,-78.7127914428711,-44.5498008728027,-1.1288320548257658,-177.66967224466688,1028496798
sw,-78.7781066894531,-42.0350952148437,2.2598035198604376,-162.51187245049246,1028513465
sw,-78.904312133789,-40.0663223266601,7.930086725518802,-142.05325222872983,1028530132
sw,-79.1829299926757,-38.6010017395019,14.565789726466647,-116.96108905823483,1028546799
sw,-79.6760864257812,-37.5565681457519,20.966723176988694,-87.97674655201236,1028563466
sw,-80.2713241577148,-36.9465751647949,26.238359951425892,-55.78846378708753,1028580133
sw,-80.8533172607421,-36.8912506103515,29.871710372157242,-21.074858040840724,1028596800
sw,-81.3129348754882,-37.2093353271484,31.716879520691613,15.281236910654226,1028613467
sw,-81.6564712524414,-37.9047508239746,31.886010453231716,51.89623820841754,1028630134
sw,-81.9478225708007,-38.8914260864257,30.636615665568915,86.65831570142984,1028646801
sw,-82.2836761474609,-40.3776741027832,28.279036392009967,116.7354672345693,1028663468
sw,-82.6584548950195,-42.6528739929199,25.128089555406397,138.93198522052273,1028680135
sw,-83.0233535766601,-45.61767578125,21.491808136117967,150.38416180949156,1028696802
sw,-83.3538589477539,-48.7823791503906,17.67200404448158,149.43065834377933,1028713469
sw,-83.5558471679687,-52.1871261596679,13.949394365695547,136.3687552550132,1028730136
sw,-83.5575332641601,-55.1662292480468,10.540306990330716,113.77867028457914,1028746803
sw,-83.4730377197265,-56.796875,7.534873462778732,86.19738805160813,1028763470
sw,-83.4412994384765,-56.5151672363281,4.843915875772804,59.140904127595306,1028780137
sw,-83.478271484375,-56.069953918457,2.179829372000735,37.743462673187324,1028796804
sw,-83.4984130859375,-55.477252960205,-0.9244985249577425,25.478259602744608,1028813471
sw,-83.3217697143554,-55.7217025756835,-5.076396022831907,23.419032277816324,1028830138
sw,-82.8313064575195,-57.4839706420898,-10.97970440275428,30.272509555812537,1028846805
sw,-82.159927368164,-59.6019592285156,-19.37466609088413,43.07740325569457,1028863472
sw,-81.7181930541992,-60.7413101196289,-30.924572435054767,58.213244048245215,1028880139
sw,-81.4509658813476,-61.6263732910156,-46.02784896313567,72.3220607189926,1028896806
sw,-81.1320877075195,-62.5745277404785,-64.59183604649377,82.90471754266075,1028913473
sw,-80.5741958618164,-64.2437591552734,-85.86006103692095,88.569337708147,1028930140
sw,-79.8266067504882,-66.2179336547851,-108.39125054050159,89.03153954515655,1028946807
sw,-78.3624649047851,-67.9977111816406,-130.23978446305298,84.95990841548199,1028963474
sw,-76.2532043457031,-69.2324905395507,-149.31312099502327,77.70472645261728,1028980141
sw,-73.8463058471679,-70.1383666992187,-163.81396005758256,68.9326373105451,1028996808
sw,-70.7090835571289,-70.9298934936523,-172.63416100130019,60.227765703407584,1029013475
sw,-67.3347625732421,-71.7296524047851,-175.5672427182741,52.75839261476554,1029030142
sw,-64.8625335693359,-72.4562911987304,-173.25602438895294,47.09927285147627,1029046809
sw,-63.025291442871,-73.1649475097656,-166.8884946798085,43.24362955430393,1029063476
sw,-60.647232055664,-73.9733200073242,-157.76295935207128,40.77146076356214,1029080143
sw,-57.8580017089843,-74.7225112915039,-146.89577911195462,39.09555992448657,1029096810
sw,-55.171703338623,-75.5550231933593,-134.79809571233037,37.69607429515383,1029113477
sw,-52.8470039367675,-76.2811050415039,-121.43969731537604,36.273801141487894,1029130144
sw,-51.2178955078125,-76.7429275512695,-106.33800918251347,34.789546283483546,1029146811
sw,-50.0122947692871,-77.2190628051757,-88.7081827182491,33.398116554641,1029163478
sw,-48.9651870727539,-77.7441253662109,-67.65715319036913,32.318078052861665,1029180145
sw,-48.2480735778808,-78.2099685668945,-42.43718630005941,31.69254928652324,1029196812
sw,-48.0133476257324,-78.721809387207,-12.759746858892619,31.49009251280128,1029213479
sw,-48.3429260253906,-79.262466430664,20.876360154460464,31.475051978367667,1029230146
sw,-49.0559272766113,-79.7691879272461,56.93316881566646,31.252533852886717,1029246813
sw,-50.1159477233886,-80.2505950927734,92.76866962706492,30.370820701350176,1029263480
sw,-51.6253929138183,-80.7393569946289,124.85673283279256,28.44746931875816,1029280147
sw,-54.0660934448242,-81.1983261108398,149.33537943353423,25.277785039722627,1029296814
sw,-57.3418312072753,-81.4942092895507,162.82548182304478,20.888065332432074,1029313481
sw,-60.5212478637695,-81.5972137451171,163.3354910216486,15.512533254155517,1029330148
sw,-63.8486175537109,-81.5330429077148,150.97452117290578,9.500102817924049,1029346815
sw,-66.4897079467773,-81.449348449707,128.19833745576094,3.1848095375033,1029363482
sw,-67.8257141113281,-81.4962463378906,99.43300464206834,-3.233265399238386,1029380149
sw,-68.0548477172851,-81.5427856445312,70.12686722386316,-9.759305079172883,1029396816
sw,-67.8279647827148,-81.5286865234375,45.495999395590616,-16.613550004920288,1029413483
sw,-67.7749404907226,-81.2388153076171,29.353101809901094,-24.184935580006723,1029430150
sw,-68.2363967895507,-80.7360916137695,23.375268703809375,-32.93865335996093,1029446817
sw,-69.277099609375,-80.2345123291015,26.984821799537396,-43.28668897957994,1029463484
sw,-69.9882431030273,-79.6490249633789,37.786563125943,-55.44020131863649,1029480151
sw,-70.8720092773437,-78.8573455810546,52.341244342016424,-69.28587668908236,1029496818
sw,-72.2509078979492,-77.6913681030273,67.01592404932822,-84.3450338237703,1029513485
sw,-73.5250473022461,-75.9287719726562,78.70876754649768,-99.85822103998822,1029530152
sw,-74.7757339477539,-73.556640625,85.33330826006079,-114.98387047594969,1029546819
sw,-76.1172790527343,-70.7687377929687,86.02396334242924,-129.03313143355786,1029563486
sw,-77.2084197998046,-67.9676437377929,81.08208923045902,-141.6276423892442,1029580153
sw,-77.9888763427734,-65.2526321411132,71.72090114938874,-152.69439622363583,1029596820
sw,-78.6241607666015,-62.5633163452148,59.68959068707027,-162.2958235405967,1029613487
sw,-79.1702499389648,-59.9952964782714,46.864405289916895,-170.38721632639582,1029630154
sw,-79.525634765625,-57.3002052307128,34.88771714005221,-176.6386916686159,1029646821
sw,-79.8237838745117,-54.1760902404785,24.916030592006077,-180.42316540155358,1029663488
sw,-80.0494995117187,-50.9443664550781,17.509492780594915,-180.9737476342295,1029680155
sw,-80.1856460571289,-47.9643936157226,12.664211765970126,-177.6145024220351,1029696822
sw,-80.2797164916992,-45.3853797912597,9.958177710017127,-169.932139719661,1029713489
sw,-80.2738494873046,-43.1490669250488,8.757693878524274,-157.8035469060576,1029730156
sw,-80.2952575683593,-41.155403137207,8.42206551248064,-141.28715750733153,1029746823
sw,-80.4746170043945,-39.4836044311523,8.45360481856503,-120.46336547107914,1029763490
sw,-80.7780838012695,-38.2511825561523,8.563394488064061,-95.33340342776539,1029780157
sw,-81.0620727539062,-37.5730018615722,8.651848489233773,-65.85984911022548,1029796824
sw,-81.2437744140625,-37.3004989624023,8.728559435433336,-32.17672033486417,1029813491
sw,-81.3616256713867,-37.4092826843261,8.811207560523627,5.069946856826046,1029830158
sw,-81.4507980346679,-37.9567031860351,8.843465677854764,44.35814687059402,1029846825
sw,-81.5484542846679,-38.8592071533203,8.658130646118268,83.06168613044635,1029863492
sw,-81.7050018310546,-40.2607154846191,7.992558297251349,117.52604090970614,1029880159
sw,-81.9291229248046,-42.6088142395019,6.547374920215766,143.5585987873401,1029896826
sw,-82.1838302612304,-45.5459365844726,4.068656936528829,157.3147262382922,1029913493
sw,-82.3797225952148,-49.077880859375,0.4275346065291169,156.3931236014937,1029930160
sw,-82.4565963745117,-52.557559967041,-4.328275065914377,140.81120812881846,1029946827
sw,-82.3736267089843,-55.8605422973632,-9.966241735964173,113.48573512703959,1029963494
sw,-82.1984786987304,-57.0871238708496,-16.103211192445425,79.94338974253156,1029980161
